datetime	open	high	low	close	volume
24.11.2020 16:00	2674.5	3189.0	2674.5	3188.5	653371
24.11.2020 20:00	3188.5	3192.5	3000.0	3033.0	1098381
25.11.2020 08:00	3150.5	3282.0	2888.0	2950.0	649565
25.11.2020 12:00	2950.0	3046.0	2940.5	3030.0	222179
25.11.2020 16:00	3031.5	3099.0	3001.0	3016.0	286651
25.11.2020 20:00	3018.5	3030.0	2937.0	2954.0	124969
26.11.2020 08:00	3000.0	3002.0	2924.5	2949.0	70186
26.11.2020 12:00	2949.0	2952.5	2925.0	2938.0	64154
26.11.2020 16:00	2938.0	2956.0	2900.5	2939.0	47398
26.11.2020 20:00	2940.0	2950.0	2930.5	2944.0	12192
27.11.2020 08:00	2965.5	2995.0	2935.0	2958.0	54575
27.11.2020 12:00	2955.5	2980.0	2955.5	2972.0	52027
27.11.2020 16:00	2971.5	3082.0	2913.0	3015.0	193019
27.11.2020 20:00	3015.0	3044.0	3003.0	3025.0	36562
30.11.2020 08:00	2999.5	3028.0	2976.0	3017.5	16566
30.11.2020 12:00	3017.5	3020.0	2967.5	3016.0	66072
30.11.2020 16:00	3015.5	3140.0	3000.0	3064.0	95953
30.11.2020 20:00	3066.0	3090.0	3050.0	3071.0	31425
01.12.2020 08:00	3049.5	3097.0	3001.0	3041.0	36039
01.12.2020 12:00	3041.0	3046.5	3000.5	3022.0	39968
01.12.2020 16:00	3022.0	3037.5	3020.0	3027.5	41327
01.12.2020 20:00	3029.0	3064.5	3024.5	3059.5	33101
02.12.2020 08:00	3031.0	3050.0	3015.0	3023.5	14455
02.12.2020 12:00	3023.5	3030.0	3017.5	3024.0	23643
02.12.2020 16:00	3024.5	3025.0	3003.0	3014.5	40182
02.12.2020 20:00	3015.0	3230.0	3010.0	3184.0	185894
03.12.2020 08:00	3129.0	3160.0	3085.5	3127.0	58866
03.12.2020 12:00	3127.0	3199.0	3123.0	3195.5	90181
03.12.2020 16:00	3195.0	3548.0	3190.5	3478.0	565066
03.12.2020 20:00	3477.5	3649.0	3421.5	3614.5	198109
04.12.2020 08:00	3589.5	3984.0	3570.5	3720.0	355037
04.12.2020 12:00	3720.0	3813.0	3650.5	3694.5	233249
04.12.2020 16:00	3693.5	3730.0	3428.5	3673.0	331042
04.12.2020 20:00	3673.0	3774.0	3540.0	3556.0	183452
07.12.2020 08:00	3567.0	3675.0	3511.5	3577.0	94358
07.12.2020 12:00	3577.0	3610.0	3516.0	3528.0	47048
07.12.2020 16:00	3527.5	3570.0	3351.5	3495.5	216269
07.12.2020 20:00	3495.0	3505.0	3411.5	3422.0	46891
08.12.2020 08:00	3429.5	3495.0	3420.0	3437.0	43314
08.12.2020 12:00	3437.0	3440.0	3260.0	3361.5	119113
08.12.2020 16:00	3364.0	3460.0	3310.5	3413.0	119130
08.12.2020 20:00	3413.0	3485.0	3380.0	3471.0	38615
09.12.2020 08:00	3513.5	3545.5	3490.0	3528.5	63828
09.12.2020 12:00	3529.0	3600.0	3520.0	3535.0	103841
09.12.2020 16:00	3535.0	3593.0	3425.5	3438.0	103285
09.12.2020 20:00	3438.0	3442.5	3300.0	3301.0	179297
10.12.2020 08:00	3348.5	3380.0	3314.0	3369.0	51469
10.12.2020 12:00	3365.5	3368.5	3300.0	3313.0	46953
10.12.2020 16:00	3313.0	3369.0	3267.5	3285.0	102876
10.12.2020 20:00	3289.0	3305.0	3276.0	3294.0	29065
11.12.2020 08:00	3308.0	3340.0	3268.0	3285.0	39119
11.12.2020 12:00	3284.0	3302.0	3275.0	3282.0	19869
11.12.2020 16:00	3280.5	3306.0	3126.0	3151.0	108854
11.12.2020 20:00	3150.0	3185.0	3106.0	3164.5	81780
14.12.2020 08:00	3195.0	3208.5	3110.0	3184.0	38481
14.12.2020 12:00	3184.0	3238.0	3170.5	3216.0	43720
14.12.2020 16:00	3215.5	3228.5	3012.5	3092.5	163740
14.12.2020 20:00	3092.0	3093.5	3054.5	3069.0	69679
15.12.2020 08:00	3070.0	3113.0	3040.5	3088.0	37997
15.12.2020 12:00	3088.0	3096.0	3070.5	3088.5	20666
15.12.2020 16:00	3088.5	3190.0	3083.5	3148.0	79770
15.12.2020 20:00	3148.0	3208.5	3132.0	3201.0	47734
16.12.2020 08:00	3221.5	3308.0	3202.0	3234.0	42762
16.12.2020 12:00	3234.5	3250.0	3170.0	3212.5	37716
16.12.2020 16:00	3210.5	3305.0	3168.0	3288.0	108448
16.12.2020 20:00	3285.0	3369.0	3270.0	3357.0	81402
17.12.2020 08:00	3342.0	3398.5	3320.0	3330.5	47389
17.12.2020 12:00	3331.0	3350.0	3322.0	3341.0	21406
17.12.2020 16:00	3341.5	3369.5	3181.5	3232.5	146964
17.12.2020 20:00	3233.5	3242.0	3209.0	3211.5	32037
18.12.2020 08:00	3209.5	3247.0	3186.0	3210.0	35606
18.12.2020 12:00	3210.0	3236.5	3190.5	3210.0	45591
18.12.2020 16:00	3210.0	3248.0	3119.5	3184.0	113856
18.12.2020 20:00	3185.0	3296.0	3150.0	3264.5	80169
21.12.2020 08:00	3288.0	3300.0	3190.5	3240.0	25979
21.12.2020 12:00	3240.0	3292.0	3178.0	3240.0	107052
21.12.2020 16:00	3243.0	3346.5	3231.0	3322.5	167866
21.12.2020 20:00	3321.5	3333.5	3260.0	3264.0	34785
22.12.2020 08:00	3292.5	3310.0	3259.0	3307.5	34772
22.12.2020 12:00	3306.0	3339.0	3284.0	3328.0	82213
22.12.2020 16:00	3329.0	3415.0	3209.0	3240.0	225908
22.12.2020 20:00	3239.5	3255.5	3217.0	3231.0	81532
23.12.2020 08:00	3258.0	3262.0	3222.5	3245.0	19649
23.12.2020 12:00	3246.0	3264.0	3216.0	3241.0	42209
23.12.2020 16:00	3238.0	3242.0	3131.0	3178.0	164002
23.12.2020 20:00	3177.0	3270.0	3170.0	3222.0	92755
24.12.2020 08:00	3220.0	3243.0	3201.0	3206.0	11425
24.12.2020 12:00	3204.5	3209.0	3177.0	3197.5	31063
24.12.2020 16:00	3197.0	3207.0	3152.5	3161.0	67683
24.12.2020 20:00	3159.0	3163.5	3108.0	3149.0	83639
25.12.2020 08:00	3149.0	3164.0	3130.0	3144.0	13624
25.12.2020 12:00	3144.0	3153.0	3132.0	3151.0	15295
25.12.2020 16:00	3153.0	3160.5	3140.0	3153.0	10125
25.12.2020 20:00	3153.0	3154.0	3147.0	3150.5	5862
28.12.2020 08:00	3167.0	3167.0	3142.5	3152.0	16686
28.12.2020 12:00	3153.0	3179.5	3150.0	3159.0	22689
28.12.2020 16:00	3158.5	3280.0	3146.0	3243.5	152587
28.12.2020 20:00	3243.5	3290.5	3238.0	3290.0	84036
29.12.2020 08:00	3293.0	3299.0	3231.0	3258.0	23729
29.12.2020 12:00	3260.0	3298.0	3253.5	3285.5	27336
29.12.2020 16:00	3285.5	3327.5	3170.0	3237.5	122621
29.12.2020 20:00	3233.5	3239.5	3191.0	3232.0	34932
30.12.2020 08:00	3225.0	3239.0	3202.0	3230.5	9322
30.12.2020 12:00	3228.0	3255.0	3223.5	3250.0	15552
30.12.2020 16:00	3247.0	3348.0	3241.0	3331.0	168929
30.12.2020 20:00	3333.5	3340.0	3287.0	3289.5	26782
04.01.2021 08:00	3260.0	3278.0	2996.0	3252.5	83135
04.01.2021 12:00	3251.0	3258.5	3225.0	3235.0	53159
04.01.2021 16:00	3233.5	3241.0	3170.0	3235.0	179392
04.01.2021 20:00	3235.0	3235.0	3187.0	3229.5	47574
05.01.2021 08:00	3238.0	3241.5	3209.5	3240.5	19462
05.01.2021 12:00	3240.0	3258.0	3228.0	3251.5	28459
05.01.2021 16:00	3253.0	3380.5	3230.5	3333.0	185242
05.01.2021 20:00	3333.0	3365.0	3323.0	3348.5	48215
06.01.2021 08:00	3325.5	3369.5	3304.5	3314.5	17872
06.01.2021 12:00	3314.5	3335.0	3289.5	3291.0	18142
06.01.2021 16:00	3290.0	3342.0	3262.5	3303.0	55791
06.01.2021 20:00	3304.5	3322.0	3220.0	3257.0	64868
08.01.2021 08:00	3321.5	3321.5	3270.0	3304.0	43405
08.01.2021 12:00	3304.5	3321.0	3296.0	3305.5	22248
08.01.2021 16:00	3306.0	3500.0	3305.0	3395.0	291653
08.01.2021 20:00	3392.0	3410.0	3301.5	3376.5	57434
11.01.2021 08:00	3370.0	3399.0	3333.0	3398.5	26003
11.01.2021 12:00	3397.0	3426.0	3375.5	3394.5	31572
11.01.2021 16:00	3394.5	3398.5	3330.0	3352.0	54914
11.01.2021 20:00	3352.0	3413.0	3333.0	3382.0	31405
12.01.2021 08:00	3375.0	3397.0	3370.0	3388.5	10546
12.01.2021 12:00	3388.5	3390.0	3367.0	3367.5	9669
12.01.2021 16:00	3367.5	3546.0	3345.0	3532.0	176313
12.01.2021 20:00	3530.0	3572.0	3450.0	3530.5	119758
13.01.2021 08:00	3502.5	3544.5	3476.0	3500.0	38943
13.01.2021 12:00	3499.0	3529.5	3494.0	3510.5	22135
13.01.2021 16:00	3510.5	3600.0	3460.0	3475.0	107936
13.01.2021 20:00	3475.0	3500.0	3470.0	3491.0	22753
14.01.2021 08:00	3526.0	3527.0	3460.5	3492.0	14528
14.01.2021 12:00	3491.5	3492.5	3472.5	3480.0	15537
14.01.2021 16:00	3482.5	3613.0	3475.0	3536.5	114219
14.01.2021 20:00	3536.5	3696.0	3532.5	3636.5	142037
15.01.2021 08:00	3620.0	3639.5	3582.5	3625.5	21074
15.01.2021 12:00	3625.0	3630.5	3614.0	3625.0	13361
15.01.2021 16:00	3625.0	4002.5	3485.0	3779.0	243596
15.01.2021 20:00	3779.0	3830.0	3679.5	3805.5	145543
18.01.2021 08:00	3815.5	3829.5	3722.5	3763.5	34723
18.01.2021 12:00	3763.0	3839.5	3761.5	3811.5	51371
18.01.2021 16:00	3810.0	3815.5	3763.5	3801.5	28884
18.01.2021 20:00	3804.0	3819.5	3794.0	3795.0	10873
19.01.2021 08:00	3840.5	3869.0	3814.5	3826.0	22746
19.01.2021 12:00	3826.0	3874.0	3825.0	3830.0	51096
19.01.2021 16:00	3830.5	4150.0	3823.0	4078.0	384943
19.01.2021 20:00	4077.5	4082.0	3928.0	3972.0	67477
20.01.2021 08:00	3955.0	4093.0	3948.0	4055.5	102687
20.01.2021 12:00	4055.0	4066.5	4044.0	4059.0	51485
20.01.2021 16:00	4059.0	4190.0	3975.0	4008.5	272110
20.01.2021 20:00	4008.5	4069.0	4001.0	4001.0	34656
21.01.2021 08:00	4025.0	4094.0	3872.5	3889.0	98456
21.01.2021 12:00	3894.5	4022.0	3890.5	3983.5	66569
21.01.2021 16:00	3981.5	4199.0	3973.5	4110.0	199002
21.01.2021 20:00	4110.5	4116.0	4043.0	4057.0	52632
22.01.2021 08:00	4069.0	4136.0	4025.5	4107.0	47405
22.01.2021 12:00	4105.0	4135.0	4070.0	4124.5	103478
22.01.2021 16:00	4124.5	4165.0	3934.0	3985.0	224866
22.01.2021 20:00	3986.0	3997.0	3850.0	3980.0	96754
25.01.2021 08:00	3999.0	4045.0	3951.0	4036.0	37627
25.01.2021 12:00	4035.0	4067.0	4035.0	4061.0	30869
25.01.2021 16:00	4062.0	4189.0	3930.0	4007.0	245881
25.01.2021 20:00	4007.0	4050.5	3990.0	4014.5	52586
26.01.2021 08:00	4028.0	4059.5	3995.0	4053.0	27968
26.01.2021 12:00	4050.5	4070.0	4033.5	4068.0	27064
26.01.2021 16:00	4068.0	4089.0	3910.0	3930.0	136908
26.01.2021 20:00	3930.0	3972.5	3900.0	3901.0	79652
27.01.2021 08:00	3929.0	3952.0	3908.0	3941.5	36335
27.01.2021 12:00	3942.5	3946.5	3750.5	3806.0	95323
27.01.2021 16:00	3809.0	3818.0	3652.5	3707.5	294001
27.01.2021 20:00	3708.5	3739.0	3532.5	3560.5	213510
28.01.2021 08:00	3580.0	3643.5	3512.5	3587.0	96749
28.01.2021 12:00	3588.5	3658.0	3552.0	3654.0	159447
28.01.2021 16:00	3652.0	3822.0	3617.0	3755.0	224838
28.01.2021 20:00	3754.5	3881.5	3742.5	3846.0	114402
29.01.2021 08:00	3815.5	3828.5	3762.0	3785.0	56383
29.01.2021 12:00	3785.0	3797.0	3755.0	3764.5	29735
29.01.2021 16:00	3768.0	3869.0	3731.0	3817.0	120588
29.01.2021 20:00	3817.0	3846.5	3568.0	3662.0	114615
01.02.2021 08:00	3700.5	3779.5	3678.0	3779.5	57834
01.02.2021 12:00	3779.0	3819.0	3756.0	3803.0	48786
01.02.2021 16:00	3803.0	3848.0	3761.5	3836.5	101229
01.02.2021 20:00	3837.0	3877.0	3820.0	3867.5	59239
02.02.2021 08:00	3877.5	3970.0	3877.5	3914.5	66505
02.02.2021 12:00	3914.0	3951.0	3901.5	3941.0	46948
02.02.2021 16:00	3940.0	4030.0	3926.0	4020.0	139026
02.02.2021 20:00	4020.0	4045.0	3991.0	4016.0	90670
03.02.2021 08:00	4004.0	4052.0	3978.0	4039.0	33026
03.02.2021 12:00	4039.0	4041.0	3986.0	4011.0	33784
03.02.2021 16:00	4010.0	4060.0	3986.0	4036.5	82804
03.02.2021 20:00	4035.5	4064.0	4007.5	4023.0	33924
04.02.2021 08:00	4034.0	4034.5	3995.5	4008.5	20369
04.02.2021 12:00	4008.0	4024.5	3996.5	4013.0	17892
04.02.2021 16:00	4013.0	4179.5	3991.5	4140.0	241971
04.02.2021 20:00	4139.5	4186.5	4122.0	4185.5	55880
05.02.2021 08:00	4200.5	4299.0	4190.0	4259.0	79508
05.02.2021 12:00	4257.0	4297.5	4244.0	4265.5	57070
05.02.2021 16:00	4268.5	4500.0	4254.5	4480.0	255608
05.02.2021 20:00	4480.0	4667.0	4464.0	4650.0	169949
08.02.2021 08:00	4684.0	4970.0	4684.0	4789.5	239363
08.02.2021 12:00	4787.0	4787.0	4680.0	4755.5	127240
08.02.2021 16:00	4757.5	5086.5	4735.5	4901.0	386104
08.02.2021 20:00	4902.5	4975.0	4811.0	4969.0	113418
09.02.2021 08:00	5001.5	5181.0	4905.5	5118.0	174184
09.02.2021 12:00	5116.0	5148.5	4971.0	5095.0	157114
09.02.2021 16:00	5092.5	5118.0	4781.0	4792.5	207783
09.02.2021 20:00	4792.5	4865.0	4650.0	4665.0	201932
10.02.2021 08:00	4655.0	4865.0	4642.5	4764.5	148821
10.02.2021 12:00	4767.5	4977.5	4764.5	4883.0	183598
10.02.2021 16:00	4884.0	4923.0	4734.0	4823.5	180693
10.02.2021 20:00	4825.5	4940.0	4800.5	4883.0	72140
11.02.2021 08:00	4928.5	4962.0	4811.0	4830.0	71663
11.02.2021 12:00	4827.5	4888.0	4803.0	4847.5	40201
11.02.2021 16:00	4849.5	4875.0	4710.0	4752.5	103986
11.02.2021 20:00	4756.0	4779.5	4700.0	4726.5	67317
12.02.2021 08:00	4755.0	4769.0	4536.0	4617.5	110135
12.02.2021 12:00	4620.0	4699.5	4593.5	4670.0	56395
12.02.2021 16:00	4670.0	4821.0	4670.0	4795.5	111665
12.02.2021 20:00	4792.0	4795.0	4722.0	4753.0	27016
15.02.2021 08:00	4795.0	4891.0	4720.5	4760.0	100044
15.02.2021 12:00	4760.0	4769.0	4721.0	4733.0	47733
15.02.2021 16:00	4732.5	4739.0	4676.0	4731.0	61212
15.02.2021 20:00	4728.0	4746.0	4716.5	4739.0	20818
16.02.2021 08:00	4764.0	4765.0	4654.0	4719.5	48334
16.02.2021 12:00	4720.5	4792.0	4700.0	4787.0	68731
16.02.2021 16:00	4787.0	4844.0	4704.0	4713.0	138043
16.02.2021 20:00	4711.5	4765.0	4676.0	4765.0	63330
17.02.2021 08:00	4760.0	4847.0	4725.0	4838.0	90736
17.02.2021 12:00	4838.0	4844.5	4511.0	4661.5	410245
17.02.2021 16:00	4661.0	4685.0	4463.0	4482.0	470753
17.02.2021 20:00	4484.5	4577.0	4400.0	4420.0	208345
18.02.2021 08:00	4508.0	4657.0	4504.5	4594.5	309232
18.02.2021 12:00	4594.0	4594.5	4503.5	4565.0	180214
18.02.2021 16:00	4564.5	4613.0	4486.5	4580.0	188170
18.02.2021 20:00	4578.0	4588.0	4520.0	4573.5	41376
19.02.2021 08:00	4574.5	4574.5	4492.0	4517.0	24629
19.02.2021 12:00	4517.0	4589.0	4501.0	4560.0	47239
19.02.2021 16:00	4560.0	4795.0	4544.0	4735.0	217858
19.02.2021 20:00	4735.5	4949.0	4723.5	4884.5	178679
20.02.2021 08:00	4840.5	4932.0	4770.0	4835.0	43320
20.02.2021 12:00	4835.0	4864.0	4815.0	4855.0	16438
20.02.2021 16:00	4856.0	4899.5	4831.0	4894.0	17417
20.02.2021 20:00	4893.5	4898.0	4850.5	4864.0	12775
22.02.2021 08:00	4884.0	4939.5	4780.0	4882.0	54411
22.02.2021 12:00	4882.0	4898.5	4785.5	4840.0	43259
22.02.2021 16:00	4837.0	4878.0	4755.5	4878.0	78282
22.02.2021 20:00	4874.0	5022.0	4860.0	4938.0	130457
24.02.2021 08:00	4772.0	4818.0	4711.0	4769.0	85240
24.02.2021 12:00	4767.0	4775.0	4651.5	4765.0	92709
24.02.2021 16:00	4767.0	4772.5	4512.5	4622.5	235937
24.02.2021 20:00	4622.5	4644.0	4543.0	4557.5	98885
25.02.2021 08:00	4570.0	4697.5	4552.5	4608.0	52450
25.02.2021 12:00	4608.0	4610.5	4560.0	4572.5	31667
25.02.2021 16:00	4572.5	4638.5	4370.0	4374.0	186822
25.02.2021 20:00	4374.0	4430.0	4275.0	4330.0	168471
26.02.2021 08:00	4346.0	4375.0	4213.0	4344.0	97389
26.02.2021 12:00	4344.0	4346.5	4263.0	4307.0	60998
26.02.2021 16:00	4307.0	4497.0	4200.0	4495.0	189514
26.02.2021 20:00	4495.0	4525.0	4442.0	4480.0	60443
01.03.2021 08:00	4468.5	4569.0	4444.5	4543.0	54200
01.03.2021 12:00	4543.0	4578.0	4509.0	4565.5	26018
01.03.2021 16:00	4562.5	4625.0	4517.5	4608.5	82135
01.03.2021 20:00	4608.5	4739.0	4600.5	4703.5	76065
02.03.2021 08:00	4690.0	4690.0	4621.0	4668.0	29857
02.03.2021 12:00	4668.0	4698.5	4651.5	4684.0	36620
02.03.2021 16:00	4687.5	4811.0	4661.0	4701.0	176536
02.03.2021 20:00	4702.0	4740.0	4602.0	4602.0	64472
03.03.2021 08:00	4640.0	4703.5	4625.5	4694.5	31795
03.03.2021 12:00	4694.5	4736.0	4674.5	4703.5	52884
03.03.2021 16:00	4700.0	4724.0	4500.0	4600.5	178941
03.03.2021 20:00	4606.5	4611.0	4482.0	4490.5	72640
04.03.2021 08:00	4496.0	4543.5	4420.0	4450.0	49630
04.03.2021 12:00	4451.5	4453.5	4385.0	4426.0	39530
04.03.2021 16:00	4426.0	4497.5	4253.5	4315.5	232857
04.03.2021 20:00	4321.5	4360.0	4079.5	4226.5	214199
05.03.2021 08:00	4209.5	4273.5	4160.0	4200.5	61944
05.03.2021 12:00	4196.5	4290.0	4180.0	4278.0	101504
05.03.2021 16:00	4278.0	4289.0	3882.0	3969.5	264544
05.03.2021 20:00	3968.5	4082.0	3938.0	4073.0	140136
09.03.2021 08:00	3911.0	3913.0	3816.5	3890.0	130057
09.03.2021 12:00	3890.0	3948.5	3884.5	3938.0	110058
09.03.2021 16:00	3938.5	3943.5	3743.0	3887.0	358625
09.03.2021 20:00	3884.5	3887.0	3825.0	3831.0	77407
10.03.2021 08:00	3885.0	3925.0	3831.0	3918.0	109782
10.03.2021 12:00	3918.5	3963.0	3851.5	3912.0	124746
10.03.2021 16:00	3912.0	4023.0	3830.0	3868.0	272279
10.03.2021 20:00	3872.5	3906.5	3824.0	3844.0	74825
11.03.2021 08:00	3865.0	3940.0	3851.0	3935.0	52109
11.03.2021 12:00	3934.0	3965.5	3904.5	3930.0	79387
11.03.2021 16:00	3928.5	4045.0	3915.5	4023.0	164923
11.03.2021 20:00	4025.0	4085.0	4023.0	4064.0	63916
12.03.2021 08:00	4065.0	4140.0	4028.0	4040.0	105871
12.03.2021 12:00	4038.0	4042.0	3965.0	4013.5	98463
12.03.2021 16:00	4013.5	4155.0	3960.5	4058.0	249376
12.03.2021 20:00	4058.0	4124.0	4054.5	4114.0	70135
15.03.2021 08:00	4177.0	4247.0	4144.5	4235.0	120446
15.03.2021 12:00	4235.0	4244.5	4204.0	4220.5	64975
15.03.2021 16:00	4219.0	4266.0	4152.0	4222.5	144809
15.03.2021 20:00	4225.0	4230.0	4171.0	4201.0	26286
16.03.2021 08:00	4226.0	4235.0	4124.0	4132.0	49365
16.03.2021 12:00	4132.0	4203.0	4130.0	4190.0	45589
16.03.2021 16:00	4188.0	4258.0	4180.0	4204.0	118029
16.03.2021 20:00	4203.0	4204.0	4060.0	4147.5	70804
17.03.2021 08:00	4147.5	4168.0	4089.5	4128.0	29815
17.03.2021 12:00	4128.0	4129.5	3981.0	4020.5	79515
17.03.2021 16:00	4020.0	4099.5	3995.0	4057.0	91629
17.03.2021 20:00	4054.5	4219.0	4050.0	4170.0	82872
18.03.2021 08:00	4173.0	4198.0	4130.5	4146.0	44522
18.03.2021 12:00	4148.5	4190.0	4131.0	4166.0	107747
18.03.2021 16:00	4167.0	4328.0	4134.5	4225.0	242284
18.03.2021 20:00	4225.0	4261.0	4165.0	4179.0	55250
19.03.2021 08:00	4200.5	4268.0	4173.0	4235.5	29714
19.03.2021 12:00	4238.5	4254.5	4230.0	4251.5	24715
19.03.2021 16:00	4251.5	4253.0	4137.0	4235.0	164885
19.03.2021 20:00	4235.0	4279.5	4185.0	4217.0	52547
22.03.2021 08:00	4217.0	4265.0	4217.0	4235.5	15250
22.03.2021 12:00	4238.5	4246.5	4220.0	4245.5	17054
22.03.2021 16:00	4245.5	4257.0	4151.5	4180.5	72045
22.03.2021 20:00	4183.5	4190.0	4150.0	4175.0	40518
23.03.2021 08:00	4181.5	4185.0	4121.0	4131.5	22034
23.03.2021 12:00	4130.0	4132.0	4088.0	4126.0	40109
23.03.2021 16:00	4126.0	4176.5	4088.0	4120.0	115243
23.03.2021 20:00	4119.5	4141.0	4061.5	4086.0	35375
24.03.2021 08:00	4100.5	4123.0	4080.0	4099.0	14112
24.03.2021 12:00	4099.0	4133.0	4092.5	4115.0	42770
24.03.2021 16:00	4115.0	4140.0	3960.5	3985.0	151174
24.03.2021 20:00	3984.5	3993.0	3900.0	3953.0	97858
25.03.2021 08:00	3994.0	3994.0	3920.5	3984.5	31441
25.03.2021 12:00	3984.0	4035.0	3885.5	3898.5	104121
25.03.2021 16:00	3898.5	3994.5	3812.5	3980.5	193193
25.03.2021 20:00	3979.0	3981.5	3901.0	3955.0	36192
26.03.2021 08:00	3965.0	4015.0	3965.0	4000.0	33359
26.03.2021 12:00	4000.0	4034.5	3968.0	3988.0	57752
26.03.2021 16:00	3988.0	3994.0	3911.0	3917.5	100975
26.03.2021 20:00	3918.0	3968.5	3850.0	3958.0	79063
29.03.2021 08:00	3960.0	3998.0	3925.0	3997.5	35078
29.03.2021 12:00	3998.0	4059.5	3987.5	4052.0	90384
29.03.2021 16:00	4052.0	4056.0	3952.0	3996.5	129998
29.03.2021 20:00	3996.0	4020.0	3970.0	4006.0	27363
30.03.2021 08:00	4001.5	4088.0	3980.0	4048.0	83604
30.03.2021 12:00	4046.5	4121.0	4040.0	4111.0	105136
30.03.2021 16:00	4111.0	4128.5	3925.5	3970.5	211680
30.03.2021 20:00	3970.5	4020.0	3951.0	4011.0	38017
31.03.2021 08:00	4025.0	4057.5	3993.0	4033.0	38622
31.03.2021 12:00	4033.0	4056.5	4022.0	4047.0	37416
31.03.2021 16:00	4049.0	4322.5	4042.0	4248.0	350084
31.03.2021 20:00	4247.5	4290.0	4210.5	4235.0	51676
01.04.2021 08:00	4262.0	4377.0	4257.5	4358.0	152860
01.04.2021 12:00	4357.0	4390.0	4324.0	4352.0	91646
01.04.2021 16:00	4355.0	4498.5	4331.0	4421.5	246242
01.04.2021 20:00	4424.0	4440.0	4357.0	4435.0	33870
02.04.2021 08:00	4445.0	4447.0	4366.5	4395.0	23597
02.04.2021 12:00	4396.5	4397.0	4378.5	4386.0	13652
02.04.2021 16:00	4386.0	4419.5	4380.5	4390.0	11468
02.04.2021 20:00	4391.0	4395.0	4381.5	4387.5	4852
05.04.2021 08:00	4408.5	4430.0	4263.5	4353.5	68443
05.04.2021 12:00	4356.5	4410.5	4340.0	4410.5	31474
05.04.2021 16:00	4410.5	4433.0	4352.5	4390.0	50557
05.04.2021 20:00	4387.0	4410.0	4384.5	4395.0	15999
06.04.2021 08:00	4375.0	4412.0	4356.0	4368.5	17371
06.04.2021 12:00	4370.0	4370.0	4276.5	4296.5	51911
06.04.2021 16:00	4299.5	4499.0	4296.0	4499.0	212527
06.04.2021 20:00	4499.0	4500.0	4455.0	4474.0	45126
07.04.2021 08:00	4484.5	4550.0	4475.0	4539.5	95418
07.04.2021 12:00	4539.0	4545.0	4502.5	4526.0	81628
07.04.2021 16:00	4523.5	4594.0	4435.0	4553.0	161485
07.04.2021 20:00	4549.0	4600.0	4545.5	4567.0	49905
08.04.2021 08:00	4592.5	4599.5	4551.0	4569.0	18176
08.04.2021 12:00	4571.5	4573.0	4536.0	4561.0	25558
08.04.2021 16:00	4561.0	4600.0	4513.0	4562.5	84109
08.04.2021 20:00	4562.5	4576.5	4450.0	4490.0	35084
09.04.2021 08:00	4501.0	4501.0	4438.0	4485.0	27572
09.04.2021 12:00	4485.0	4505.0	4452.0	4456.5	34647
09.04.2021 16:00	4457.5	4692.0	4445.0	4686.0	204996
09.04.2021 20:00	4689.0	4697.0	4640.0	4650.5	82688
12.04.2021 08:00	4675.0	4799.5	4655.5	4785.5	115054
12.04.2021 12:00	4788.0	4788.0	4742.0	4770.0	50887
12.04.2021 16:00	4769.0	4790.0	4655.5	4768.0	109011
12.04.2021 20:00	4766.5	4780.0	4695.0	4724.0	20594
13.04.2021 08:00	4729.5	4800.0	4729.5	4752.5	36053
13.04.2021 12:00	4752.5	4810.5	4730.0	4755.0	52981
13.04.2021 16:00	4755.0	4853.0	4680.0	4690.5	174648
13.04.2021 20:00	4690.5	4745.0	4667.0	4739.0	36171
14.04.2021 08:00	4739.5	4801.0	4721.0	4790.0	31242
14.04.2021 12:00	4790.0	4796.0	4751.0	4785.5	24360
14.04.2021 16:00	4788.5	4794.5	4602.5	4774.5	187098
14.04.2021 20:00	4775.5	4794.0	4730.0	4751.0	36029
15.04.2021 08:00	4759.5	4775.0	4649.0	4732.0	68501
15.04.2021 12:00	4736.5	4780.0	4715.0	4740.5	40773
15.04.2021 16:00	4740.5	4763.5	4600.5	4646.5	148697
15.04.2021 20:00	4647.5	4750.0	4625.0	4730.5	42477
16.04.2021 08:00	4705.0	4736.5	4675.0	4703.5	16594
16.04.2021 12:00	4702.0	4730.0	4673.0	4715.0	35081
16.04.2021 16:00	4715.0	4824.5	4675.0	4800.5	92943
16.04.2021 20:00	4796.5	4800.0	4738.5	4760.0	14825
19.04.2021 08:00	4772.0	4798.5	4732.5	4755.0	14396
19.04.2021 12:00	4753.5	4757.5	4731.0	4736.0	26060
19.04.2021 16:00	4736.0	4749.5	4529.5	4587.0	140185
19.04.2021 20:00	4588.0	4675.0	4574.0	4659.0	33600
20.04.2021 08:00	4652.0	4685.0	4586.0	4604.0	32383
20.04.2021 12:00	4604.5	4612.0	4540.5	4564.0	45621
20.04.2021 16:00	4566.0	4621.0	4467.5	4620.0	103779
20.04.2021 20:00	4618.0	4629.0	4594.0	4605.0	17511
21.04.2021 08:00	4593.0	4600.0	4527.0	4570.5	18191
21.04.2021 12:00	4568.5	4587.0	4502.0	4547.5	26894
21.04.2021 16:00	4549.5	4678.0	4519.0	4645.0	99584
21.04.2021 20:00	4643.0	4700.0	4637.0	4671.0	23563
22.04.2021 08:00	4660.5	4696.0	4652.0	4687.0	8440
22.04.2021 12:00	4686.0	4740.0	4673.5	4713.5	37052
22.04.2021 16:00	4716.0	4832.5	4655.0	4760.5	182775
22.04.2021 20:00	4760.5	4776.0	4680.0	4702.0	35097
23.04.2021 08:00	4730.0	4736.5	4691.0	4707.5	12123
23.04.2021 12:00	4707.5	4762.0	4695.0	4740.0	19939
23.04.2021 16:00	4741.0	4880.0	4718.5	4871.5	163464
23.04.2021 20:00	4872.5	4920.0	4850.5	4860.0	75044
26.04.2021 08:00	4857.5	4920.0	4857.5	4883.5	27569
26.04.2021 12:00	4883.5	4923.0	4876.5	4920.0	30679
26.04.2021 16:00	4920.0	5073.0	4915.0	4980.0	175944
26.04.2021 20:00	4980.0	5000.5	4950.5	4979.0	21524
27.04.2021 08:00	5003.0	5048.0	4962.0	5040.0	33565
27.04.2021 12:00	5040.0	5094.5	5039.0	5078.0	62737
27.04.2021 16:00	5079.5	5080.5	4852.0	4885.0	154394
27.04.2021 20:00	4885.0	4919.0	4871.0	4902.0	18319
28.04.2021 08:00	4917.0	4955.0	4810.0	4869.0	32729
28.04.2021 12:00	4865.5	4870.0	4805.5	4866.5	24792
28.04.2021 16:00	4867.0	4885.0	4750.0	4819.0	87761
28.04.2021 20:00	4818.0	4837.0	4779.0	4807.0	16396
29.04.2021 08:00	4824.5	4847.0	4808.0	4813.5	14041
29.04.2021 12:00	4813.0	4834.0	4762.0	4831.5	19084
29.04.2021 16:00	4831.5	4838.0	4620.0	4662.0	100673
29.04.2021 20:00	4659.0	4680.0	4635.0	4671.0	27636
30.04.2021 08:00	4656.5	4693.0	4606.5	4618.0	23522
30.04.2021 12:00	4619.0	4636.0	4543.0	4630.0	38626
30.04.2021 16:00	4630.0	4739.5	4571.0	4687.0	65206
30.04.2021 20:00	4682.5	4690.5	4665.0	4669.5	7433
04.05.2021 08:00	4590.0	4672.5	4575.5	4667.5	41083
04.05.2021 12:00	4667.5	4670.0	4570.0	4584.5	72675
04.05.2021 16:00	4584.5	4600.0	4463.0	4499.5	217784
04.05.2021 20:00	4499.0	4538.5	4489.0	4522.0	35822
05.05.2021 08:00	4505.0	4648.0	4500.5	4633.0	55444
05.05.2021 12:00	4632.5	4647.5	4510.0	4540.5	86567
05.05.2021 16:00	4540.5	4564.0	4466.5	4488.5	191166
05.05.2021 20:00	4487.0	4499.5	4390.0	4444.0	100981
06.05.2021 08:00	4444.0	4497.5	4418.0	4485.0	70329
06.05.2021 12:00	4485.0	4496.5	4415.0	4418.0	73912
06.05.2021 16:00	4418.0	4472.0	4294.0	4360.5	199995
06.05.2021 20:00	4357.0	4399.0	4350.0	4397.0	32722
07.05.2021 08:00	4408.0	4434.5	4382.0	4417.0	35617
07.05.2021 12:00	4416.5	4459.0	4389.0	4444.5	84416
07.05.2021 16:00	4441.5	4473.0	4363.0	4370.5	146947
07.05.2021 20:00	4370.5	4375.5	4253.5	4282.5	190778
10.05.2021 08:00	4295.0	4304.5	4227.0	4304.5	80956
10.05.2021 12:00	4304.5	4304.5	4227.0	4251.0	120597
10.05.2021 16:00	4252.5	4261.0	4040.0	4048.5	345019
10.05.2021 20:00	4047.0	4057.5	3982.0	4019.5	187038
11.05.2021 08:00	4021.5	4049.5	3960.0	4000.0	114775
11.05.2021 12:00	4000.0	4010.5	3926.0	3939.0	154855
11.05.2021 16:00	3935.5	4199.0	3926.0	4163.0	339559
11.05.2021 20:00	4162.0	4198.0	4141.0	4197.0	84653
12.05.2021 08:00	4207.5	4340.0	4207.0	4288.5	341360
12.05.2021 12:00	4288.5	4310.0	4204.0	4240.0	255885
12.05.2021 16:00	4240.0	4262.0	4006.5	4087.0	427135
12.05.2021 20:00	4089.5	4103.0	4041.0	4080.0	78543
13.05.2021 08:00	4076.5	4129.5	4045.0	4074.0	77843
13.05.2021 12:00	4073.5	4075.0	4035.0	4052.0	130420
13.05.2021 16:00	4052.0	4111.0	3900.0	3939.0	322814
13.05.2021 20:00	3939.5	4011.0	3930.0	4011.0	83801
14.05.2021 08:00	4030.0	4042.0	3985.5	4039.5	52837
14.05.2021 12:00	4039.5	4080.0	4011.0	4065.0	126253
14.05.2021 16:00	4067.0	4148.0	4040.5	4118.0	189953
14.05.2021 20:00	4118.5	4142.0	4111.0	4136.0	26607
17.05.2021 08:00	4136.5	4188.5	4080.0	4160.0	86239
17.05.2021 12:00	4160.0	4165.0	4053.0	4142.0	103974
17.05.2021 16:00	4141.0	4158.0	3962.0	3993.5	347638
17.05.2021 20:00	3993.5	4027.0	3968.0	4015.5	107638
18.05.2021 08:00	4029.0	4102.0	4025.0	4056.0	118077
18.05.2021 12:00	4056.0	4090.5	3940.0	3948.5	303498
18.05.2021 16:00	3948.5	3998.0	3910.0	3954.5	287048
18.05.2021 20:00	3957.0	3960.0	3675.0	3720.0	454863
19.05.2021 08:00	3735.0	3823.0	3725.0	3740.5	364180
19.05.2021 12:00	3739.0	3793.0	3725.0	3782.0	330117
19.05.2021 16:00	3783.5	3984.0	3740.0	3943.5	640570
19.05.2021 20:00	3943.5	3990.0	3911.0	3941.0	153855
20.05.2021 08:00	3967.5	3969.0	3931.0	3947.0	68660
20.05.2021 12:00	3947.0	3986.0	3871.0	3986.0	141626
20.05.2021 16:00	3985.5	4053.5	3945.0	4025.0	267112
20.05.2021 20:00	4025.0	4028.0	4006.0	4017.0	27612
21.05.2021 08:00	4035.0	4053.0	4014.5	4051.5	62261
21.05.2021 12:00	4052.0	4089.0	4037.5	4088.5	113874
21.05.2021 16:00	4089.0	4176.0	4072.0	4098.0	294930
21.05.2021 20:00	4098.0	4120.0	4022.5	4051.5	54374
24.05.2021 08:00	4071.5	4143.0	4046.5	4094.5	108845
24.05.2021 12:00	4094.5	4135.5	4071.5	4118.5	138512
24.05.2021 16:00	4118.0	4200.0	4110.5	4173.0	291122
24.05.2021 20:00	4175.5	4226.0	4169.0	4198.0	72030
25.05.2021 08:00	4206.0	4274.5	4205.5	4246.5	96558
25.05.2021 12:00	4246.5	4249.0	4216.5	4239.0	131774
25.05.2021 16:00	4239.0	4240.0	4004.0	4019.0	416183
25.05.2021 20:00	4018.5	4041.5	4005.5	4033.5	118082
26.05.2021 08:00	4034.0	4105.0	4011.0	4079.0	109795
26.05.2021 12:00	4079.0	4085.0	4007.5	4048.5	157236
26.05.2021 16:00	4048.5	4115.0	4023.0	4038.0	283268
26.05.2021 20:00	4040.0	4056.5	4022.5	4038.0	63176
27.05.2021 08:00	4027.5	4045.5	3963.0	3988.5	201684
27.05.2021 12:00	3988.5	4047.5	3983.0	4023.5	258427
27.05.2021 16:00	4023.5	4030.5	3815.0	3880.0	3442525
27.05.2021 20:00	3879.5	3881.5	3810.0	3871.5	230571
28.05.2021 08:00	3893.5	3909.5	3837.0	3893.5	140739
28.05.2021 12:00	3892.0	3922.0	3865.0	3884.0	146749
28.05.2021 16:00	3884.0	3949.0	3860.0	3890.5	289968
28.05.2021 20:00	3891.5	3906.5	3871.5	3893.0	32469
31.05.2021 08:00	3899.5	3944.0	3899.5	3936.0	63631
31.05.2021 12:00	3935.5	3937.0	3925.0	3931.0	24755
31.05.2021 16:00	3933.5	3935.0	3914.0	3932.5	28285
31.05.2021 20:00	3932.5	3936.0	3927.0	3936.0	13259
01.06.2021 08:00	3940.0	3949.5	3914.0	3940.5	61551
01.06.2021 12:00	3941.0	3946.0	3930.0	3942.0	48557
01.06.2021 16:00	3941.0	3945.0	3850.0	3906.5	217777
01.06.2021 20:00	3906.0	3966.0	3897.0	3958.5	94921
02.06.2021 08:00	3955.5	3994.5	3955.5	3980.0	66722
02.06.2021 12:00	3981.0	3981.0	3911.0	3951.5	93673
02.06.2021 16:00	3952.0	4019.0	3924.0	4012.0	199178
02.06.2021 20:00	4012.5	4049.0	3989.5	4038.0	79958
03.06.2021 08:00	4045.0	4060.0	4006.5	4030.0	67037
03.06.2021 12:00	4030.5	4047.0	4001.0	4032.0	68862
03.06.2021 16:00	4031.5	4032.0	3903.0	3995.5	290389
03.06.2021 20:00	3996.5	4006.0	3955.0	3979.5	32637
04.06.2021 08:00	3970.0	3988.5	3955.0	3955.0	38982
04.06.2021 12:00	3953.5	3998.0	3925.0	3994.0	65808
04.06.2021 16:00	3995.0	4058.0	3972.0	4045.0	219335
04.06.2021 20:00	4047.5	4074.0	4040.5	4043.0	82496
07.06.2021 08:00	4043.0	4053.0	4005.5	4040.0	45317
07.06.2021 12:00	4041.5	4045.5	4028.0	4041.0	37375
07.06.2021 16:00	4041.0	4084.0	3993.0	4071.5	145354
07.06.2021 20:00	4072.0	4084.0	4053.5	4061.0	38726
08.06.2021 08:00	4064.5	4087.5	4037.0	4051.0	37721
08.06.2021 12:00	4051.0	4060.0	4028.0	4029.5	55794
08.06.2021 16:00	4030.5	4170.5	4030.0	4153.0	298941
08.06.2021 20:00	4153.0	4192.0	4147.0	4153.0	103668
09.06.2021 08:00	4170.0	4182.5	4125.5	4146.5	40968
09.06.2021 12:00	4144.5	4161.0	4127.0	4154.5	39388
09.06.2021 16:00	4154.5	4212.0	4136.0	4170.0	180670
09.06.2021 20:00	4170.5	4175.0	4122.5	4148.0	29601
10.06.2021 08:00	4148.5	4160.0	4116.0	4129.5	20894
10.06.2021 12:00	4130.0	4137.0	4110.0	4122.5	50807
10.06.2021 16:00	4123.0	4174.0	4110.5	4166.5	121303
10.06.2021 20:00	4168.5	4172.5	4150.0	4158.0	24791
11.06.2021 08:00	4170.0	4170.0	4129.0	4146.5	16567
11.06.2021 12:00	4144.5	4170.0	4142.0	4162.0	28831
11.06.2021 16:00	4162.0	4182.0	4120.0	4125.5	66346
11.06.2021 20:00	4125.0	4144.0	4111.5	4134.5	21927
14.06.2021 08:00	4134.5	4146.0	4122.5	4128.0	18026
14.06.2021 12:00	4128.0	4142.5	4127.0	4135.0	19072
14.06.2021 16:00	4137.0	4140.0	4111.5	4131.0	75040
14.06.2021 20:00	4133.5	4158.0	4125.0	4153.5	41404
15.06.2021 08:00	4153.0	4158.5	4136.0	4143.0	22706
15.06.2021 12:00	4143.0	4152.5	4136.5	4147.5	19640
15.06.2021 16:00	4149.0	4149.0	4025.0	4051.0	158102
15.06.2021 20:00	4051.0	4084.5	4044.0	4061.0	27624
16.06.2021 08:00	4040.0	4090.0	4036.0	4075.0	20734
16.06.2021 12:00	4077.0	4078.5	4025.5	4067.0	32289
16.06.2021 16:00	4069.0	4130.5	4062.0	4122.0	74054
16.06.2021 20:00	4120.5	4145.0	4094.0	4129.0	56554
17.06.2021 08:00	4119.0	4143.5	4109.0	4115.0	20234
17.06.2021 12:00	4115.0	4118.0	4065.0	4097.0	56218
17.06.2021 16:00	4097.0	4149.5	4086.5	4115.0	92087
17.06.2021 20:00	4115.0	4180.0	4111.5	4160.5	86849
18.06.2021 08:00	4168.0	4176.5	4130.5	4147.5	20925
18.06.2021 12:00	4147.5	4155.0	4092.0	4108.5	50774
18.06.2021 16:00	4108.5	4264.0	4105.5	4245.0	273953
18.06.2021 20:00	4241.0	4250.0	4222.0	4230.0	70480
21.06.2021 08:00	4237.0	4258.0	4174.0	4238.5	33267
21.06.2021 12:00	4239.0	4265.0	4230.0	4257.0	45151
21.06.2021 16:00	4259.0	4284.0	4206.0	4242.0	93728
21.06.2021 20:00	4243.5	4243.5	4220.0	4232.5	10872
22.06.2021 08:00	4238.5	4250.0	4215.5	4225.0	18965
22.06.2021 12:00	4225.0	4235.0	4210.0	4226.5	19570
22.06.2021 16:00	4224.0	4270.0	4224.0	4246.5	65307
22.06.2021 20:00	4245.5	4279.5	4238.5	4260.5	35266
23.06.2021 08:00	4264.0	4292.0	4247.0	4275.0	21155
23.06.2021 12:00	4275.0	4325.0	4265.0	4300.0	92341
23.06.2021 16:00	4300.0	4318.5	4231.5	4259.0	123790
23.06.2021 20:00	4257.0	4263.5	4202.0	4243.5	39787
24.06.2021 08:00	4235.0	4279.5	4205.5	4274.5	31518
24.06.2021 12:00	4274.0	4279.5	4206.0	4223.0	45488
24.06.2021 16:00	4220.5	4374.5	4206.0	4328.5	255969
24.06.2021 20:00	4330.0	4340.0	4266.0	4309.5	36570
25.06.2021 08:00	4309.5	4375.0	4278.0	4373.0	74105
25.06.2021 12:00	4370.0	4375.0	4324.5	4334.5	72894
25.06.2021 16:00	4333.0	4357.5	4160.0	4241.0	134980
25.06.2021 20:00	4240.5	4249.0	4190.0	4221.5	50244
28.06.2021 08:00	4220.0	4220.0	4190.5	4212.5	26874
28.06.2021 12:00	4212.0	4272.0	4212.0	4265.0	96945
28.06.2021 16:00	4264.0	4380.0	4257.0	4358.0	209484
28.06.2021 20:00	4358.0	4369.5	4324.5	4350.5	64032
29.06.2021 08:00	4368.5	4389.0	4316.5	4342.5	67654
29.06.2021 12:00	4342.5	4369.0	4341.0	4361.5	45705
29.06.2021 16:00	4360.0	4394.0	4346.0	4365.5	169781
29.06.2021 20:00	4364.0	4367.0	4294.5	4327.5	36335
30.06.2021 08:00	4327.5	4360.5	4312.0	4339.5	28987
30.06.2021 12:00	4340.0	4372.0	4335.0	4359.0	40689
30.06.2021 16:00	4357.5	4368.0	4283.5	4287.0	179874
30.06.2021 20:00	4287.0	4308.0	4280.0	4308.0	42519
01.07.2021 08:00	4312.0	4328.0	4290.0	4318.0	26801
01.07.2021 12:00	4318.0	4319.0	4292.0	4315.0	27352
01.07.2021 16:00	4315.0	4327.0	4220.0	4228.0	149328
01.07.2021 20:00	4223.5	4263.0	4220.5	4255.0	12936
02.07.2021 08:00	4237.5	4298.0	4234.0	4275.0	22499
02.07.2021 12:00	4275.0	4307.0	4262.5	4305.0	27484
02.07.2021 16:00	4304.5	4307.5	4250.0	4279.5	135165
02.07.2021 20:00	4282.5	4283.0	4248.0	4260.0	17099
05.07.2021 08:00	4273.5	4284.5	4252.0	4264.5	11232
05.07.2021 12:00	4261.0	4270.0	4250.0	4265.0	13706
05.07.2021 16:00	4265.0	4274.0	4256.0	4260.0	9287
05.07.2021 20:00	4260.0	4267.0	4260.0	4267.0	3351
06.07.2021 08:00	4267.0	4271.5	4181.0	4258.0	30560
06.07.2021 12:00	4257.0	4270.0	4245.5	4255.5	40393
06.07.2021 16:00	4257.5	4282.0	4157.0	4197.0	141459
06.07.2021 20:00	4198.0	4219.0	4198.0	4214.5	13812
07.07.2021 08:00	4214.5	4225.0	4196.0	4210.0	16451
07.07.2021 12:00	4210.0	4229.5	4200.0	4225.5	31348
07.07.2021 16:00	4225.5	4255.0	4101.0	4155.0	135729
07.07.2021 20:00	4155.0	4162.0	4145.0	4153.0	22943
08.07.2021 08:00	4155.5	4155.5	4107.5	4124.0	59315
08.07.2021 12:00	4122.5	4134.5	4091.0	4104.0	49213
08.07.2021 16:00	4103.0	4117.0	4025.0	4100.0	176186
08.07.2021 20:00	4100.0	4120.0	4077.5	4099.0	19455
09.07.2021 08:00	4104.5	4132.5	4081.0	4124.5	28241
09.07.2021 12:00	4124.5	4162.5	4117.0	4156.5	43332
09.07.2021 16:00	4156.5	4161.0	4091.0	4145.5	112107
09.07.2021 20:00	4145.5	4149.5	4120.0	4129.0	9531
12.07.2021 08:00	4125.0	4125.5	4094.0	4109.5	20520
12.07.2021 12:00	4109.5	4137.5	4107.0	4125.5	21027
12.07.2021 16:00	4125.5	4156.0	4068.0	4079.5	69570
12.07.2021 20:00	4082.5	4092.0	4075.0	4079.0	24982
13.07.2021 08:00	4090.0	4099.0	4070.0	4080.0	13288
13.07.2021 12:00	4080.0	4090.5	4050.0	4052.5	32825
13.07.2021 16:00	4051.0	4070.0	3996.0	4028.5	118432
13.07.2021 20:00	4026.0	4040.0	4006.0	4009.0	24666
14.07.2021 08:00	4013.0	4049.5	4001.0	4024.0	25649
14.07.2021 12:00	4024.0	4060.0	4020.0	4048.5	33435
14.07.2021 16:00	4045.5	4060.5	4014.0	4048.0	73267
14.07.2021 20:00	4047.5	4050.0	4020.0	4026.0	11600
15.07.2021 08:00	4026.0	4055.5	4013.0	4043.0	13753
15.07.2021 12:00	4046.5	4054.5	4032.0	4050.0	25790
15.07.2021 16:00	4048.0	4048.0	3951.0	3982.0	117317
15.07.2021 20:00	3982.0	3998.5	3972.5	3990.5	13063
16.07.2021 08:00	3999.0	4014.0	3972.5	4011.5	17268
16.07.2021 12:00	4011.5	4049.0	4009.5	4042.5	37224
16.07.2021 16:00	4043.5	4046.0	3970.0	3981.5	101204
16.07.2021 20:00	3985.0	4000.0	3970.5	3989.5	8952
19.07.2021 08:00	3999.5	4015.0	3975.0	3981.0	17405
19.07.2021 12:00	3981.0	3986.0	3925.0	3936.5	35643
19.07.2021 16:00	3936.5	3981.0	3892.0	3950.0	69200
19.07.2021 20:00	3949.5	3998.0	3941.0	3997.0	15060
20.07.2021 08:00	4006.0	4065.0	3995.5	4048.0	57117
20.07.2021 12:00	4048.0	4050.0	4005.0	4022.5	26704
20.07.2021 16:00	4020.0	4027.5	3953.0	4012.5	78435
20.07.2021 20:00	4011.0	4020.0	3990.0	4007.0	10570
21.07.2021 08:00	4020.0	4022.5	3986.0	4000.0	12054
21.07.2021 12:00	4002.0	4008.5	3986.0	3994.5	33425
21.07.2021 16:00	3995.5	3997.0	3930.0	3939.5	80323
21.07.2021 20:00	3938.0	3978.0	3935.0	3971.0	16405
22.07.2021 08:00	3973.0	3976.5	3930.0	3960.0	14997
22.07.2021 12:00	3960.0	3974.5	3946.0	3972.5	15987
22.07.2021 16:00	3973.0	3974.5	3903.0	3938.0	81702
22.07.2021 20:00	3941.0	3976.5	3940.5	3966.5	13960
23.07.2021 08:00	3960.0	3977.0	3950.0	3953.0	13038
23.07.2021 12:00	3950.5	3961.0	3950.0	3954.5	16207
23.07.2021 16:00	3953.0	3967.5	3910.0	3955.0	62879
23.07.2021 20:00	3955.0	3984.0	3949.5	3950.5	20940
26.07.2021 08:00	3964.0	3969.0	3925.0	3932.0	15101
26.07.2021 12:00	3932.0	3948.0	3925.0	3941.0	15225
26.07.2021 16:00	3943.5	3944.5	3763.0	3841.5	238620
26.07.2021 20:00	3844.5	3878.5	3839.5	3874.5	45059
27.07.2021 08:00	3874.5	3896.5	3844.0	3862.5	34037
27.07.2021 12:00	3864.5	3880.0	3862.0	3865.5	10155
27.07.2021 16:00	3863.5	3919.0	3807.0	3815.0	165641
27.07.2021 20:00	3813.0	3820.0	3781.5	3818.0	49406
28.07.2021 08:00	3810.0	3869.0	3810.0	3855.5	34660
28.07.2021 12:00	3856.0	3878.5	3830.0	3860.0	26666
28.07.2021 16:00	3860.0	3896.0	3807.5	3874.0	67023
28.07.2021 20:00	3877.0	3890.0	3847.0	3881.0	23413
29.07.2021 08:00	3890.0	3910.0	3860.0	3907.5	32320
29.07.2021 12:00	3905.0	3974.0	3905.0	3945.0	59983
29.07.2021 16:00	3945.0	3951.5	3860.0	3913.0	104874
29.07.2021 20:00	3913.0	3917.0	3884.0	3888.0	27484
30.07.2021 08:00	3882.0	3894.5	3852.0	3871.0	28146
30.07.2021 12:00	3871.0	3875.5	3838.0	3844.5	45474
30.07.2021 16:00	3844.5	3863.5	3810.0	3831.0	81445
30.07.2021 20:00	3830.0	3830.0	3800.5	3818.0	38012
02.08.2021 08:00	3825.0	3858.0	3822.5	3849.5	27868
02.08.2021 12:00	3849.5	3851.0	3840.0	3846.5	20532
02.08.2021 16:00	3846.0	3853.0	3779.0	3843.5	99945
02.08.2021 20:00	3843.5	3855.0	3802.0	3831.5	28364
03.08.2021 08:00	3820.0	3840.0	3810.5	3830.0	7365
03.08.2021 12:00	3829.0	3839.0	3822.0	3825.0	11221
03.08.2021 16:00	3825.0	3826.5	3735.0	3819.5	118213
03.08.2021 20:00	3819.5	3830.0	3788.5	3822.0	20836
04.08.2021 08:00	3810.0	3834.0	3810.0	3823.0	11601
04.08.2021 12:00	3823.0	3830.0	3813.0	3824.5	18400
04.08.2021 16:00	3823.0	3885.0	3802.0	3808.0	90511
04.08.2021 20:00	3806.0	3812.5	3787.0	3804.0	42554
05.08.2021 08:00	3790.0	3803.0	3784.5	3791.5	15167
05.08.2021 12:00	3791.5	3819.0	3790.0	3810.0	20766
05.08.2021 16:00	3810.0	3814.0	3772.0	3787.5	71409
05.08.2021 20:00	3786.0	3802.0	3778.0	3795.0	21926
06.08.2021 08:00	3795.0	3803.0	3780.0	3784.0	9059
06.08.2021 12:00	3787.5	3818.0	3784.0	3814.5	39714
06.08.2021 16:00	3815.0	3827.0	3789.0	3820.5	63869
06.08.2021 20:00	3817.5	3868.0	3816.5	3849.5	41702
09.08.2021 08:00	3850.0	3857.5	3823.5	3840.0	12825
09.08.2021 12:00	3842.5	3866.5	3829.5	3863.5	18085
09.08.2021 16:00	3863.5	3950.0	3857.5	3950.0	107518
09.08.2021 20:00	3948.0	3954.5	3920.5	3936.0	23681
10.08.2021 08:00	3945.0	3988.0	3936.0	3987.0	38754
10.08.2021 12:00	3985.0	3998.0	3963.5	3993.5	39643
10.08.2021 16:00	3995.0	3997.0	3847.5	3854.0	140433
10.08.2021 20:00	3854.5	3867.0	3843.5	3847.0	59254
11.08.2021 08:00	3852.5	3875.5	3852.0	3859.5	31025
11.08.2021 12:00	3861.5	3864.0	3831.0	3853.0	28500
11.08.2021 16:00	3851.0	3875.0	3780.0	3816.0	113443
11.08.2021 20:00	3816.0	3845.5	3806.5	3831.0	21923
12.08.2021 08:00	3831.0	3922.0	3822.0	3911.0	81226
12.08.2021 12:00	3912.0	3948.0	3883.5	3939.5	66709
12.08.2021 16:00	3939.5	3987.0	3872.5	3914.0	211319
12.08.2021 20:00	3914.0	3915.0	3885.0	3909.5	29183
13.08.2021 08:00	3910.0	3944.0	3889.5	3924.5	38848
13.08.2021 12:00	3924.5	3931.5	3896.0	3900.0	38618
13.08.2021 16:00	3898.5	3901.0	3817.0	3827.0	151192
13.08.2021 20:00	3827.5	3843.0	3800.0	3820.5	81384
16.08.2021 08:00	3832.0	3868.0	3823.5	3864.5	37820
16.08.2021 12:00	3864.5	3874.0	3840.0	3867.5	44809
16.08.2021 16:00	3869.0	3876.0	3796.0	3816.0	151847
16.08.2021 20:00	3814.0	3835.0	3810.0	3829.5	21950
17.08.2021 08:00	3848.0	3865.0	3828.0	3864.0	48587
17.08.2021 12:00	3863.0	3875.0	3759.5	3823.0	168226
17.08.2021 16:00	3823.0	3859.0	3783.0	3823.0	159529
17.08.2021 20:00	3823.0	3835.0	3818.0	3831.5	21514
18.08.2021 08:00	3811.5	3852.0	3801.0	3814.0	24492
18.08.2021 12:00	3813.0	3825.0	3811.0	3825.0	19407
18.08.2021 16:00	3825.0	3860.0	3797.0	3847.0	92454
18.08.2021 20:00	3850.0	3851.5	3830.0	3839.5	9319
19.08.2021 08:00	3843.5	3843.5	3808.0	3810.0	25859
19.08.2021 12:00	3810.0	3823.5	3804.5	3820.0	36931
19.08.2021 16:00	3818.0	3853.5	3750.5	3759.5	287301
19.08.2021 20:00	3758.5	3758.5	3703.5	3734.0	101550
20.08.2021 08:00	3734.5	3748.5	3706.5	3721.0	51405
20.08.2021 12:00	3720.0	3741.5	3720.0	3725.5	46546
20.08.2021 16:00	3726.0	3734.0	3585.0	3646.5	282075
20.08.2021 20:00	3648.0	3667.5	3631.0	3656.0	15701
23.08.2021 08:00	3670.0	3710.0	3666.0	3699.5	34342
23.08.2021 12:00	3701.0	3704.0	3682.5	3700.0	32666
23.08.2021 16:00	3700.0	3709.5	3663.5	3704.0	77269
23.08.2021 20:00	3705.0	3758.0	3703.0	3738.0	37335
24.08.2021 08:00	3751.0	3759.5	3730.5	3759.5	36043
24.08.2021 12:00	3759.0	3785.0	3758.0	3777.0	42825
24.08.2021 16:00	3778.5	3928.0	3740.0	3926.0	253128
24.08.2021 20:00	3926.5	3940.0	3880.0	3939.0	68784
25.08.2021 08:00	3925.0	3958.0	3894.0	3948.5	34867
25.08.2021 12:00	3948.5	3955.0	3930.0	3954.0	36481
25.08.2021 16:00	3954.0	3969.0	3870.5	3914.0	168810
25.08.2021 20:00	3914.0	3925.0	3900.0	3901.0	21594
26.08.2021 08:00	3900.0	3946.0	3893.0	3941.5	31630
26.08.2021 12:00	3941.5	3948.0	3932.0	3944.0	38732
26.08.2021 16:00	3945.0	3994.0	3903.0	3937.0	218770
26.08.2021 20:00	3937.0	3938.0	3880.5	3906.5	35332
27.08.2021 08:00	3914.0	3935.0	3900.0	3901.0	20331
27.08.2021 12:00	3901.0	3915.5	3854.5	3868.5	46841
27.08.2021 16:00	3870.0	3925.0	3867.0	3888.0	124843
27.08.2021 20:00	3888.0	3907.5	3880.0	3890.0	15436
30.08.2021 08:00	3911.5	3921.5	3881.0	3899.5	30961
30.08.2021 12:00	3903.5	3926.5	3897.0	3915.5	27148
30.08.2021 16:00	3915.5	3955.0	3915.5	3930.0	64278
30.08.2021 20:00	3932.5	3932.5	3883.5	3893.5	34641
31.08.2021 08:00	3913.0	3936.5	3891.0	3933.5	27365
31.08.2021 12:00	3934.0	3935.0	3873.0	3880.0	69641
31.08.2021 16:00	3880.0	3921.0	3826.5	3838.5	794983
31.08.2021 20:00	3839.0	3874.0	3816.0	3850.0	30378
01.09.2021 08:00	3844.5	3865.0	3837.0	3842.5	24065
01.09.2021 12:00	3844.0	3852.0	3834.5	3849.5	47321
01.09.2021 16:00	3849.5	3892.0	3830.0	3862.0	134934
01.09.2021 20:00	3865.5	3870.5	3850.5	3863.5	23420
02.09.2021 08:00	3880.0	3884.5	3855.0	3857.5	50214
02.09.2021 12:00	3857.0	3860.0	3805.0	3809.5	70633
02.09.2021 16:00	3809.5	3834.0	3777.0	3804.0	117084
02.09.2021 20:00	3803.5	3808.5	3781.0	3799.0	33574
03.09.2021 08:00	3815.0	3815.0	3784.0	3806.0	21590
03.09.2021 12:00	3805.5	3815.0	3790.0	3804.0	29586
03.09.2021 16:00	3803.0	3834.0	3780.5	3801.0	80097
03.09.2021 20:00	3800.5	3812.0	3780.0	3806.5	40552
06.09.2021 08:00	3808.0	3825.0	3752.0	3783.0	50940
06.09.2021 12:00	3783.0	3794.0	3774.0	3789.5	25415
06.09.2021 16:00	3789.5	3805.0	3780.0	3794.0	54554
06.09.2021 20:00	3794.5	3803.0	3790.0	3791.0	5416
07.09.2021 08:00	3810.0	3810.0	3761.0	3766.5	27166
07.09.2021 12:00	3764.0	3771.0	3751.0	3765.0	57940
07.09.2021 16:00	3765.5	3815.0	3736.0	3793.0	128574
07.09.2021 20:00	3794.0	3820.5	3785.0	3810.0	26706
08.09.2021 08:00	3810.0	3820.0	3773.0	3790.0	17431
08.09.2021 12:00	3790.0	3798.0	3773.0	3774.0	34097
08.09.2021 16:00	3775.0	3798.0	3755.0	3783.0	83846
08.09.2021 20:00	3784.0	3791.0	3748.0	3769.5	23412
09.09.2021 08:00	3750.5	3753.0	3722.0	3727.5	33128
09.09.2021 12:00	3729.0	3735.0	3708.0	3717.5	24852
09.09.2021 16:00	3718.0	3719.0	3611.0	3648.0	222737
09.09.2021 20:00	3648.0	3663.0	3622.5	3641.5	52649
10.09.2021 08:00	3645.0	3704.5	3641.0	3685.0	71983
10.09.2021 12:00	3682.5	3688.0	3645.5	3653.5	46308
10.09.2021 16:00	3653.5	3716.0	3642.0	3689.5	74313
10.09.2021 20:00	3695.5	3720.0	3667.0	3694.5	22689
13.09.2021 08:00	3696.5	3727.5	3690.5	3720.5	27972
13.09.2021 12:00	3723.5	3724.5	3691.0	3697.0	43559
13.09.2021 16:00	3695.0	3767.5	3673.0	3710.0	108924
13.09.2021 20:00	3710.0	3710.0	3692.0	3708.0	7230
14.09.2021 08:00	3724.5	3725.0	3656.0	3664.0	44901
14.09.2021 12:00	3663.0	3690.5	3661.5	3678.0	61162
14.09.2021 16:00	3677.5	3731.0	3666.0	3707.5	119836
14.09.2021 20:00	3702.5	3713.5	3680.0	3694.5	12305
15.09.2021 08:00	3700.0	3739.5	3687.5	3735.0	21888
15.09.2021 12:00	3733.0	3735.0	3708.5	3711.0	23235
15.09.2021 16:00	3711.0	3820.0	3692.0	3809.0	192660
15.09.2021 20:00	3809.0	3815.5	3770.0	3791.0	25019
16.09.2021 08:00	3797.5	3828.5	3771.0	3799.0	36055
16.09.2021 12:00	3798.5	3810.0	3765.0	3775.5	60300
16.09.2021 16:00	3774.5	3828.5	3764.0	3777.5	112174
16.09.2021 20:00	3777.5	3807.0	3768.0	3796.0	8432
17.09.2021 08:00	3804.5	3817.0	3778.0	3795.0	40473
17.09.2021 12:00	3795.0	3814.5	3791.0	3808.5	37186
17.09.2021 16:00	3810.0	3820.0	3750.0	3783.5	117570
17.09.2021 20:00	3784.0	3789.5	3720.0	3729.5	33550
20.09.2021 08:00	3725.0	3727.5	3690.5	3709.0	43151
20.09.2021 12:00	3707.0	3710.5	3670.0	3675.5	51118
20.09.2021 16:00	3677.5	3725.0	3641.0	3679.5	129977
20.09.2021 20:00	3677.0	3699.5	3660.0	3693.5	20352
21.09.2021 08:00	3694.0	3715.0	3675.5	3707.0	16913
21.09.2021 12:00	3709.0	3715.5	3704.5	3709.5	15816
21.09.2021 16:00	3709.5	3726.0	3665.0	3674.0	57810
21.09.2021 20:00	3674.0	3693.5	3665.0	3680.5	20966
22.09.2021 08:00	3667.5	3708.0	3667.5	3694.0	15547
22.09.2021 12:00	3694.0	3697.0	3676.5	3690.0	16306
22.09.2021 16:00	3690.0	3712.0	3683.0	3702.5	66703
22.09.2021 20:00	3702.0	3743.0	3700.0	3708.0	28053
23.09.2021 08:00	3708.0	3735.0	3708.0	3728.0	9554
23.09.2021 12:00	3728.0	3732.0	3701.5	3711.0	16904
23.09.2021 16:00	3710.5	3790.0	3667.0	3764.0	125830
23.09.2021 20:00	3761.5	3772.0	3750.0	3770.0	12372
24.09.2021 08:00	3804.0	3807.5	3737.0	3762.0	14872
24.09.2021 12:00	3762.0	3766.5	3703.0	3707.0	42092
24.09.2021 16:00	3705.5	3718.0	3650.0	3662.5	123605
24.09.2021 20:00	3662.5	3693.0	3656.5	3687.5	63320
27.09.2021 08:00	3700.5	3715.0	3695.0	3714.5	19109
27.09.2021 12:00	3715.0	3715.0	3692.0	3702.5	21986
27.09.2021 16:00	3700.5	3723.0	3636.0	3698.0	110386
27.09.2021 20:00	3698.0	3718.0	3692.0	3701.0	9614
28.09.2021 08:00	3701.0	3708.0	3663.5	3684.0	20443
28.09.2021 12:00	3684.0	3693.0	3665.0	3677.5	18468
28.09.2021 16:00	3679.0	3683.5	3590.0	3597.5	98433
28.09.2021 20:00	3597.5	3648.5	3588.5	3641.5	28326
29.09.2021 08:00	3641.5	3659.5	3615.0	3658.0	17477
29.09.2021 12:00	3658.0	3659.5	3631.5	3636.0	20320
29.09.2021 16:00	3638.0	3659.5	3617.0	3626.0	76264
29.09.2021 20:00	3626.5	3649.0	3616.5	3648.5	10470
30.09.2021 08:00	3647.5	3675.0	3634.5	3644.0	19610
30.09.2021 12:00	3641.5	3653.5	3621.0	3645.5	23221
30.09.2021 16:00	3645.5	3651.0	3610.0	3642.5	109875
30.09.2021 20:00	3642.5	3683.0	3642.5	3675.0	37764
01.10.2021 08:00	3660.0	3665.0	3633.0	3659.5	15890
01.10.2021 12:00	3659.5	3685.0	3643.0	3678.0	19443
01.10.2021 16:00	3676.5	3684.0	3616.5	3634.5	68646
01.10.2021 20:00	3635.0	3643.0	3621.5	3627.0	26644
04.10.2021 08:00	3635.0	3638.0	3615.0	3623.5	16439
04.10.2021 12:00	3623.5	3627.0	3616.0	3620.0	15088
04.10.2021 16:00	3619.0	3619.5	3540.5	3548.0	162392
04.10.2021 20:00	3546.5	3552.0	3480.0	3513.5	90206
05.10.2021 08:00	3515.0	3545.5	3490.0	3520.0	32691
05.10.2021 12:00	3522.5	3568.0	3506.0	3513.5	62575
05.10.2021 16:00	3513.5	3557.0	3489.5	3518.0	116804
05.10.2021 20:00	3519.5	3530.0	3498.0	3507.0	45816
06.10.2021 08:00	3505.0	3529.5	3483.0	3507.0	49269
06.10.2021 12:00	3505.5	3540.0	3490.0	3501.5	70997
06.10.2021 16:00	3501.0	3541.5	3485.0	3520.0	69515
06.10.2021 20:00	3518.0	3535.0	3513.5	3531.0	25484
07.10.2021 08:00	3540.0	3588.5	3535.0	3578.0	41418
07.10.2021 12:00	3578.0	3596.5	3540.0	3552.0	63495
07.10.2021 16:00	3552.5	3584.5	3545.5	3556.0	57715
07.10.2021 20:00	3556.0	3564.5	3536.0	3545.0	20117
08.10.2021 08:00	3546.0	3576.5	3535.5	3563.0	44978
08.10.2021 12:00	3562.0	3576.0	3552.0	3569.5	30637
08.10.2021 16:00	3569.5	3595.5	3541.5	3558.0	67284
08.10.2021 20:00	3558.0	3558.5	3540.0	3545.0	20639
11.10.2021 08:00	3563.5	3572.5	3541.5	3570.0	22359
11.10.2021 12:00	3568.0	3574.5	3555.0	3561.0	18989
11.10.2021 16:00	3561.0	3564.0	3500.5	3503.5	115193
11.10.2021 20:00	3501.5	3505.0	3461.5	3484.5	120380
12.10.2021 08:00	3494.0	3495.0	3466.0	3477.0	36085
12.10.2021 12:00	3478.0	3485.0	3470.0	3475.5	27680
12.10.2021 16:00	3476.0	3479.0	3360.0	3390.0	236494
12.10.2021 20:00	3390.0	3412.5	3350.0	3368.0	90900
13.10.2021 08:00	3365.0	3407.5	3360.0	3399.0	43015
13.10.2021 12:00	3397.5	3402.5	3355.0	3374.5	112847
13.10.2021 16:00	3373.5	3379.5	3321.0	3343.0	142634
13.10.2021 20:00	3343.0	3366.0	3338.0	3345.0	51308
14.10.2021 08:00	3366.5	3408.0	3348.0	3362.0	55042
14.10.2021 12:00	3362.0	3362.0	3299.5	3300.0	169746
14.10.2021 16:00	3300.0	3308.0	3247.0	3300.5	218823
14.10.2021 20:00	3300.5	3309.5	3290.0	3301.0	30273
15.10.2021 08:00	3305.0	3384.0	3295.0	3338.5	94651
15.10.2021 12:00	3336.5	3348.5	3315.5	3339.0	46844
15.10.2021 16:00	3337.0	3343.0	3277.5	3337.0	120930
15.10.2021 20:00	3338.0	3379.0	3317.5	3364.0	35970
18.10.2021 08:00	3379.0	3410.0	3325.5	3403.0	79521
18.10.2021 12:00	3401.0	3414.5	3382.0	3389.5	79750
18.10.2021 16:00	3388.5	3508.0	3372.0	3504.5	179386
18.10.2021 20:00	3502.5	3508.0	3461.0	3490.5	57649
19.10.2021 08:00	3515.0	3515.5	3460.5	3485.5	31349
19.10.2021 12:00	3485.5	3495.0	3461.5	3482.0	43016
19.10.2021 16:00	3484.0	3491.0	3401.5	3444.5	114945
19.10.2021 20:00	3442.0	3479.0	3430.0	3474.0	39058
20.10.2021 08:00	3480.5	3480.5	3440.0	3440.0	34376
20.10.2021 12:00	3440.0	3480.0	3440.0	3475.0	55902
20.10.2021 16:00	3475.0	3480.5	3414.0	3429.0	90463
20.10.2021 20:00	3431.0	3431.5	3400.5	3417.5	45173
21.10.2021 08:00	3429.0	3438.0	3405.0	3436.5	16618
21.10.2021 12:00	3435.0	3457.0	3425.0	3441.0	47102
21.10.2021 16:00	3441.5	3443.0	3402.0	3418.5	56737
21.10.2021 20:00	3419.5	3422.0	3385.0	3389.5	34191
22.10.2021 08:00	3400.0	3423.5	3354.5	3420.0	31463
22.10.2021 12:00	3419.5	3426.5	3385.5	3397.5	46874
22.10.2021 16:00	3398.0	3412.0	3305.5	3308.0	177462
22.10.2021 20:00	3308.0	3326.0	3290.5	3307.0	51606
25.10.2021 08:00	3319.0	3384.5	3305.0	3357.5	75395
25.10.2021 12:00	3355.5	3361.0	3321.5	3348.0	44973
25.10.2021 16:00	3350.0	3355.5	3320.5	3344.0	67072
25.10.2021 20:00	3341.5	3350.0	3334.0	3348.5	10798
26.10.2021 08:00	3360.0	3362.0	3330.0	3333.5	12731
26.10.2021 12:00	3332.5	3361.0	3321.0	3342.0	46859
26.10.2021 16:00	3342.0	3344.0	3240.0	3276.0	131957
26.10.2021 20:00	3275.0	3295.0	3239.0	3246.5	85970
27.10.2021 08:00	3255.5	3262.0	3205.5	3253.0	44932
27.10.2021 12:00	3253.0	3268.0	3239.0	3255.5	28459
27.10.2021 16:00	3255.0	3293.0	3235.5	3241.5	136625
27.10.2021 20:00	3241.0	3273.0	3238.0	3268.5	18612
28.10.2021 08:00	3268.5	3276.0	3225.0	3245.0	26209
28.10.2021 12:00	3245.0	3285.0	3230.5	3258.0	54222
28.10.2021 16:00	3260.0	3295.5	3222.0	3269.5	92822
28.10.2021 20:00	3269.5	3297.0	3262.5	3285.0	16274
29.10.2021 08:00	3299.0	3312.5	3248.0	3258.5	25193
29.10.2021 12:00	3258.5	3276.0	3254.5	3265.5	12325
29.10.2021 16:00	3266.0	3274.0	3213.0	3220.5	83379
29.10.2021 20:00	3222.0	3229.5	3185.0	3190.0	74694
01.11.2021 08:00	3200.0	3220.0	3190.0	3206.5	26583
01.11.2021 12:00	3206.0	3246.5	3200.0	3233.0	34412
01.11.2021 16:00	3233.5	3286.5	3232.5	3262.5	74026
01.11.2021 20:00	3262.0	3270.5	3221.0	3236.5	38117
02.11.2021 08:00	3237.0	3255.0	3203.0	3207.5	27846
02.11.2021 12:00	3207.5	3219.0	3201.0	3204.0	30263
02.11.2021 16:00	3205.5	3239.5	3164.5	3184.5	97383
02.11.2021 20:00	3184.5	3204.5	3177.0	3191.5	34321
03.11.2021 08:00	3196.5	3204.0	3158.0	3180.0	34747
03.11.2021 12:00	3183.0	3197.0	3174.5	3183.0	26608
03.11.2021 16:00	3184.0	3250.0	3179.0	3238.5	66993
03.11.2021 20:00	3240.5	3250.0	3205.0	3219.0	31270
05.11.2021 08:00	3218.5	3218.5	3168.0	3202.5	30684
05.11.2021 12:00	3203.0	3211.0	3167.0	3180.0	39791
05.11.2021 16:00	3178.0	3193.0	3128.0	3136.0	111482
05.11.2021 20:00	3135.0	3144.5	3103.0	3139.5	54594
08.11.2021 08:00	3150.0	3173.0	3139.5	3162.0	21418
08.11.2021 12:00	3161.5	3188.0	3160.0	3177.5	28711
08.11.2021 16:00	3177.0	3203.5	3146.0	3151.0	90969
08.11.2021 20:00	3151.0	3185.0	3142.0	3174.0	32111
09.11.2021 08:00	3160.5	3205.0	3160.5	3202.0	30007
09.11.2021 12:00	3202.0	3229.5	3190.5	3198.5	53885
09.11.2021 16:00	3200.0	3208.0	3122.0	3166.0	113159
09.11.2021 20:00	3165.5	3173.0	3145.0	3151.0	13151
10.11.2021 08:00	3168.5	3181.5	3136.0	3179.0	13352
10.11.2021 12:00	3178.0	3178.0	3135.0	3150.0	26511
10.11.2021 16:00	3152.0	3194.0	3126.5	3175.0	43902
10.11.2021 20:00	3174.5	3180.0	3130.0	3139.0	46140
11.11.2021 08:00	3145.0	3157.5	3130.5	3139.5	18610
11.11.2021 12:00	3139.5	3159.5	3139.0	3155.5	32668
11.11.2021 16:00	3154.0	3178.0	3112.0	3120.0	115816
11.11.2021 20:00	3119.0	3129.0	3092.0	3096.0	98385
12.11.2021 08:00	3102.5	3120.0	3075.0	3111.5	58847
12.11.2021 12:00	3113.5	3118.0	3060.0	3067.0	81048
12.11.2021 16:00	3067.0	3090.5	3006.0	3044.5	189995
12.11.2021 20:00	3044.5	3093.0	3030.0	3085.0	40942
15.11.2021 08:00	3078.5	3112.0	3061.0	3088.0	52648
15.11.2021 12:00	3090.5	3105.0	3073.0	3095.0	53941
15.11.2021 16:00	3098.0	3164.5	3080.0	3143.5	166039
15.11.2021 20:00	3143.5	3183.0	3139.5	3145.0	44504
16.11.2021 08:00	3168.5	3190.5	3157.5	3175.5	49640
16.11.2021 12:00	3173.5	3187.5	3071.5	3142.5	121628
16.11.2021 16:00	3142.5	3153.0	3021.0	3120.5	265585
16.11.2021 20:00	3120.0	3140.0	3093.5	3113.0	27018
17.11.2021 08:00	3135.0	3205.0	3114.0	3180.0	113065
17.11.2021 12:00	3180.0	3214.5	3171.5	3179.5	126773
17.11.2021 16:00	3179.5	3338.0	3175.0	3307.5	426332
17.11.2021 20:00	3305.0	3335.0	3190.5	3201.5	183672
18.11.2021 08:00	3221.0	3278.0	3195.0	3270.0	94709
18.11.2021 12:00	3271.5	3275.0	3225.0	3235.5	74652
18.11.2021 16:00	3235.5	3435.0	3233.5	3418.0	483363
18.11.2021 20:00	3418.0	3482.0	3391.0	3471.0	169172
19.11.2021 08:00	3491.0	3498.0	3432.0	3447.5	132253
19.11.2021 12:00	3446.0	3450.0	3341.0	3430.0	146713
19.11.2021 16:00	3430.0	3489.0	3304.0	3340.5	313245
19.11.2021 20:00	3341.0	3426.5	3333.0	3365.5	49685
22.11.2021 08:00	3360.0	3400.0	3332.5	3369.5	69875
22.11.2021 12:00	3367.0	3394.0	3194.0	3271.0	194714
22.11.2021 16:00	3271.5	3299.5	3209.5	3246.5	161030
22.11.2021 20:00	3246.5	3253.0	3132.0	3179.5	139676
23.11.2021 08:00	3200.5	3204.5	3084.0	3201.0	64631
23.11.2021 12:00	3199.0	3247.0	3166.0	3212.5	111761
23.11.2021 16:00	3213.0	3236.5	3078.5	3079.0	282147
23.11.2021 20:00	3078.0	3118.0	3070.0	3098.5	129184
24.11.2021 08:00	3098.5	3134.5	3075.5	3099.0	63468
24.11.2021 12:00	3099.0	3110.0	3051.5	3053.5	92841
24.11.2021 16:00	3055.0	3079.5	3007.5	3012.0	198301
24.11.2021 20:00	3012.0	3064.0	3002.0	3055.5	60393
25.11.2021 08:00	3067.5	3097.5	3050.0	3076.5	46380
25.11.2021 12:00	3080.0	3086.0	3016.0	3074.5	55707
25.11.2021 16:00	3074.0	3112.5	3056.0	3087.0	51670
25.11.2021 20:00	3087.0	3092.0	3075.0	3077.0	11252
26.11.2021 08:00	3037.0	3062.0	3005.0	3035.0	85560
26.11.2021 12:00	3035.0	3036.0	3002.0	3029.5	65277
26.11.2021 16:00	3029.5	3083.0	3011.0	3057.0	85072
26.11.2021 20:00	3056.5	3080.0	3023.0	3028.5	25623
29.11.2021 08:00	3045.0	3097.0	3045.0	3062.5	29151
29.11.2021 12:00	3064.0	3119.0	3061.5	3098.0	61858
29.11.2021 16:00	3096.0	3117.0	3004.0	3043.5	174820
29.11.2021 20:00	3044.5	3046.5	3025.0	3041.0	21895
30.11.2021 08:00	3025.0	3055.0	3012.0	3037.0	30167
30.11.2021 12:00	3037.5	3060.0	3022.5	3057.0	29351
30.11.2021 16:00	3057.0	3096.0	2936.0	2942.5	422303
30.11.2021 20:00	2942.0	3018.0	2912.0	2993.5	87602
01.12.2021 08:00	3005.0	3055.0	3003.5	3016.5	48251
01.12.2021 12:00	3015.0	3043.5	3002.0	3017.5	45711
01.12.2021 16:00	3015.0	3045.0	2951.0	3016.0	151666
01.12.2021 20:00	3019.0	3033.0	2977.5	3012.0	51393
02.12.2021 08:00	3023.5	3030.0	2992.0	3002.5	24577
02.12.2021 12:00	3005.5	3014.0	2985.5	3007.5	25659
02.12.2021 16:00	3010.0	3024.0	2890.5	2932.5	310453
02.12.2021 20:00	2933.0	2943.0	2874.0	2888.5	143249
03.12.2021 08:00	2894.0	2915.0	2859.0	2871.0	60421
03.12.2021 12:00	2871.0	2897.5	2870.0	2886.0	28868
03.12.2021 16:00	2883.5	2886.0	2711.5	2723.0	330292
03.12.2021 20:00	2723.0	2738.0	2675.5	2681.5	209424
06.12.2021 08:00	2732.0	2732.0	2701.0	2705.0	47758
06.12.2021 12:00	2705.0	2705.0	2550.0	2637.0	248049
06.12.2021 16:00	2637.0	2678.0	2588.0	2667.0	223074
06.12.2021 20:00	2667.0	2682.5	2654.0	2665.0	34231
07.12.2021 08:00	2710.5	2710.5	2616.0	2663.0	92865
07.12.2021 12:00	2660.0	2666.0	2621.5	2645.5	63956
07.12.2021 16:00	2645.0	2749.0	2641.5	2700.5	250612
07.12.2021 20:00	2700.0	2741.5	2675.5	2698.0	69597
08.12.2021 08:00	2733.0	2743.5	2708.0	2717.0	47476
08.12.2021 12:00	2717.0	2734.0	2672.0	2694.0	65117
08.12.2021 16:00	2692.0	2745.5	2632.5	2731.0	106267
08.12.2021 20:00	2731.0	2739.5	2685.0	2694.5	39967
09.12.2021 08:00	2723.5	2731.0	2691.5	2724.5	28969
09.12.2021 12:00	2725.0	2743.5	2704.0	2711.5	39971
09.12.2021 16:00	2711.0	2759.0	2661.0	2684.5	119098
09.12.2021 20:00	2684.5	2693.0	2619.5	2622.0	92003
10.12.2021 08:00	2628.5	2628.5	2582.0	2607.0	44588
10.12.2021 12:00	2608.0	2620.0	2605.0	2619.5	43918
10.12.2021 16:00	2619.5	2658.5	2521.0	2539.5	166347
10.12.2021 20:00	2541.5	2558.0	2510.0	2528.0	44485
13.12.2021 08:00	2559.0	2559.0	2500.0	2507.0	61142
13.12.2021 12:00	2505.0	2544.0	2502.0	2514.5	48939
13.12.2021 16:00	2513.0	2550.0	2420.0	2422.5	198363
13.12.2021 20:00	2424.0	2466.5	2421.5	2446.5	35969
14.12.2021 08:00	2430.0	2466.0	2400.0	2442.0	68411
14.12.2021 12:00	2444.0	2480.0	2416.0	2475.0	63230
14.12.2021 16:00	2475.0	2480.0	2342.0	2355.0	307756
14.12.2021 20:00	2355.0	2365.0	2325.5	2350.0	85476
15.12.2021 04:00	2350.0	2369.0	2341.5	2352.5	6561
15.12.2021 08:00	2352.5	2387.0	2319.0	2380.0	84017
15.12.2021 12:00	2380.0	2396.5	2361.0	2388.0	59901
15.12.2021 16:00	2388.0	2390.0	2240.5	2261.0	250840
15.12.2021 20:00	2262.0	2310.5	2226.0	2290.0	197721
16.12.2021 04:00	2310.0	2315.0	2265.5	2286.0	14609
16.12.2021 08:00	2286.0	2363.0	2280.0	2362.5	115356
16.12.2021 12:00	2362.5	2446.5	2355.0	2443.0	296497
16.12.2021 16:00	2443.0	2541.0	2431.5	2460.5	343748
16.12.2021 20:00	2461.0	2473.5	2342.0	2404.5	149694
17.12.2021 04:00	2419.5	2435.0	2373.0	2435.0	13412
17.12.2021 08:00	2434.5	2441.0	2377.0	2386.5	91314
17.12.2021 12:00	2384.5	2400.0	2360.5	2396.0	99258
17.12.2021 16:00	2396.5	2418.5	2344.0	2401.5	248006
17.12.2021 20:00	2402.0	2447.0	2387.0	2413.0	41857
20.12.2021 04:00	2413.0	2425.0	2390.5	2403.5	8818
20.12.2021 08:00	2403.5	2424.0	2350.0	2356.0	55891
20.12.2021 12:00	2357.5	2384.5	2346.5	2365.5	35731
20.12.2021 16:00	2365.5	2385.0	2250.0	2254.0	304916
20.12.2021 20:00	2252.5	2265.5	2226.0	2249.0	156673
21.12.2021 04:00	2269.0	2285.0	2258.0	2264.0	13273
21.12.2021 08:00	2264.0	2315.0	2244.0	2283.0	124157
21.12.2021 12:00	2283.0	2283.0	2242.0	2246.0	77829
21.12.2021 16:00	2248.5	2317.0	2231.5	2312.0	182848
21.12.2021 20:00	2312.0	2323.0	2297.0	2300.5	47518
22.12.2021 04:00	2310.0	2329.0	2287.5	2325.0	8196
22.12.2021 08:00	2325.0	2327.0	2293.5	2306.5	42976
22.12.2021 12:00	2308.0	2362.5	2293.0	2357.5	106940
22.12.2021 16:00	2358.5	2385.5	2323.0	2327.0	224205
22.12.2021 20:00	2326.0	2334.5	2291.0	2294.0	97795
23.12.2021 04:00	2304.0	2328.5	2295.5	2317.0	8859
23.12.2021 08:00	2317.0	2320.5	2261.5	2277.5	61779
23.12.2021 12:00	2277.0	2308.0	2262.5	2264.0	74721
23.12.2021 16:00	2264.0	2285.0	2206.0	2227.0	261418
23.12.2021 20:00	2226.5	2266.5	2223.0	2252.0	43230
24.12.2021 04:00	2259.0	2270.0	2243.0	2256.5	7231
24.12.2021 08:00	2254.0	2270.0	2236.5	2245.5	39130
24.12.2021 12:00	2245.0	2267.5	2238.0	2256.0	40264
24.12.2021 16:00	2256.5	2276.0	2251.0	2263.5	31815
24.12.2021 20:00	2263.5	2267.0	2256.5	2263.0	13010
27.12.2021 04:00	2270.0	2276.0	2263.0	2269.5	2935
27.12.2021 08:00	2269.5	2295.0	2269.0	2281.0	41417
27.12.2021 12:00	2283.0	2294.0	2279.5	2287.5	45133
27.12.2021 16:00	2287.5	2329.5	2280.5	2282.0	168298
27.12.2021 20:00	2283.0	2302.0	2280.5	2290.5	33515
28.12.2021 04:00	2300.5	2312.5	2286.5	2300.0	7148
28.12.2021 08:00	2301.5	2313.5	2280.0	2291.0	56471
28.12.2021 12:00	2292.0	2307.0	2274.5	2304.0	94125
28.12.2021 16:00	2307.0	2324.0	2259.0	2271.0	159473
28.12.2021 20:00	2268.5	2284.5	2240.0	2242.5	78114
29.12.2021 04:00	2251.5	2265.5	2245.0	2255.0	8799
29.12.2021 08:00	2253.0	2277.5	2235.5	2253.0	49556
29.12.2021 12:00	2251.5	2259.5	2234.0	2250.0	48581
29.12.2021 16:00	2250.0	2257.0	2156.0	2176.5	279958
29.12.2021 20:00	2177.0	2203.5	2155.0	2189.0	108122
30.12.2021 04:00	2179.0	2208.0	2179.0	2194.0	10345
30.12.2021 08:00	2192.5	2205.0	2180.0	2196.0	33803
30.12.2021 12:00	2196.5	2241.5	2195.5	2227.0	64964
30.12.2021 16:00	2227.5	2332.0	2195.0	2320.0	217899
30.12.2021 20:00	2321.0	2333.5	2304.0	2316.5	91037
03.01.2022 04:00	2292.0	2293.0	2259.5	2269.0	19198
03.01.2022 08:00	2268.5	2323.0	2265.0	2305.0	92882
03.01.2022 12:00	2305.0	2305.0	2263.5	2277.5	113667
03.01.2022 16:00	2277.5	2296.5	2212.0	2241.5	242147
03.01.2022 20:00	2241.5	2257.0	2229.0	2238.5	91749
04.01.2022 04:00	2244.5	2258.0	2232.0	2243.5	9812
04.01.2022 08:00	2245.0	2258.5	2240.0	2256.5	43183
04.01.2022 12:00	2256.5	2287.0	2254.5	2278.5	93058
04.01.2022 16:00	2278.5	2279.5	2168.0	2190.0	294421
04.01.2022 20:00	2190.0	2211.5	2183.0	2209.0	81093
05.01.2022 04:00	2215.0	2219.5	2193.0	2203.0	5246
05.01.2022 08:00	2205.0	2218.0	2196.0	2212.5	27813
05.01.2022 12:00	2211.5	2229.5	2192.5	2203.0	51958
05.01.2022 16:00	2203.5	2205.0	2066.0	2108.0	368345
05.01.2022 20:00	2108.0	2116.0	2024.5	2029.5	265349
06.01.2022 04:00	2035.0	2075.0	2010.0	2061.0	28778
06.01.2022 08:00	2061.0	2106.0	2043.0	2066.0	124622
06.01.2022 12:00	2068.5	2078.0	2041.5	2053.5	61718
06.01.2022 16:00	2054.0	2095.0	1992.0	2089.5	304023
06.01.2022 20:00	2089.5	2095.0	2055.0	2061.0	86821
10.01.2022 04:00	2073.5	2107.0	2070.5	2086.0	13759
10.01.2022 08:00	2086.5	2105.5	2070.5	2087.0	80330
10.01.2022 12:00	2087.0	2100.0	2045.5	2060.0	85659
10.01.2022 16:00	2058.5	2074.5	1969.5	2020.0	255219
10.01.2022 20:00	2020.0	2023.5	1981.0	2008.5	73632
11.01.2022 04:00	2012.0	2016.0	1992.0	2004.0	9428
11.01.2022 08:00	2004.5	2017.5	1995.0	2012.0	51566
11.01.2022 12:00	2012.0	2038.0	2009.5	2032.5	85006
11.01.2022 16:00	2032.5	2099.5	2027.5	2089.0	225184
11.01.2022 20:00	2089.0	2095.0	2036.5	2054.0	76090
12.01.2022 04:00	2060.0	2068.5	2056.5	2060.0	4778
12.01.2022 08:00	2060.0	2081.0	2045.5	2049.5	51266
12.01.2022 12:00	2048.0	2084.0	2043.0	2074.5	75332
12.01.2022 16:00	2076.0	2103.5	2055.5	2086.5	179478
12.01.2022 20:00	2085.5	2100.0	2070.0	2073.5	81486
13.01.2022 04:00	2087.5	2088.0	2065.0	2067.5	12295
13.01.2022 08:00	2067.0	2081.5	2052.0	2077.5	68360
13.01.2022 12:00	2076.5	2086.0	2025.0	2025.0	127907
13.01.2022 16:00	2028.0	2055.0	1926.0	1929.0	354307
13.01.2022 20:00	1929.0	1931.0	1870.0	1877.0	337460
14.01.2022 04:00	1874.5	1898.0	1864.0	1880.5	37763
14.01.2022 08:00	1883.0	1908.0	1855.0	1870.5	216212
14.01.2022 12:00	1870.5	1874.5	1773.0	1782.0	421160
14.01.2022 16:00	1781.0	1838.5	1710.5	1753.0	506101
14.01.2022 20:00	1753.5	1765.0	1728.0	1757.5	146612
17.01.2022 04:00	1764.0	1787.5	1732.0	1754.0	37357
17.01.2022 08:00	1752.5	1812.0	1740.0	1756.0	154695
17.01.2022 12:00	1756.0	1791.5	1742.5	1778.5	127880
17.01.2022 16:00	1780.0	1830.0	1773.5	1821.0	101078
17.01.2022 20:00	1821.5	1839.0	1807.5	1812.5	47359
18.01.2022 04:00	1822.5	1825.5	1788.0	1805.0	29707
18.01.2022 08:00	1803.5	1836.5	1747.5	1762.0	181600
18.01.2022 12:00	1761.0	1769.5	1698.0	1723.0	267624
18.01.2022 16:00	1725.0	1751.0	1625.0	1660.5	414000
18.01.2022 20:00	1660.5	1675.5	1644.0	1667.0	87123
19.01.2022 04:00	1669.0	1682.5	1561.0	1599.5	59367
19.01.2022 08:00	1599.5	1722.0	1572.0	1694.0	330412
19.01.2022 12:00	1696.0	1700.0	1666.5	1693.0	278324
19.01.2022 16:00	1692.0	1700.0	1562.0	1593.0	617798
19.01.2022 20:00	1593.0	1613.5	1557.0	1574.5	206413
20.01.2022 04:00	1578.5	1598.0	1563.5	1591.0	23930
20.01.2022 08:00	1590.5	1637.0	1519.0	1523.5	445623
20.01.2022 12:00	1523.5	1549.5	1516.0	1528.0	385023
20.01.2022 16:00	1528.0	1587.5	1505.0	1553.5	627873
20.01.2022 20:00	1553.5	1562.0	1500.0	1500.0	276442
21.01.2022 04:00	1497.5	1497.5	1445.0	1468.0	64357
21.01.2022 08:00	1468.0	1533.0	1454.0	1507.0	287342
21.01.2022 12:00	1507.0	1522.5	1478.0	1512.0	279047
21.01.2022 16:00	1513.5	1516.5	1424.0	1432.0	444294
21.01.2022 20:00	1430.0	1440.0	1392.5	1399.0	174110
24.01.2022 04:00	1404.0	1419.0	1384.0	1408.0	56474
24.01.2022 08:00	1408.5	1423.0	1348.0	1376.5	326785
24.01.2022 12:00	1379.5	1393.0	1250.0	1293.5	612010
24.01.2022 16:00	1295.0	1323.0	1225.0	1247.0	539037
24.01.2022 20:00	1245.5	1335.0	1221.0	1335.0	320305
25.01.2022 04:00	1328.5	1370.0	1302.0	1317.5	65781
25.01.2022 08:00	1317.5	1394.5	1308.0	1370.5	346840
25.01.2022 12:00	1370.5	1397.5	1344.0	1377.5	250313
25.01.2022 16:00	1378.5	1381.5	1265.0	1290.0	552725
25.01.2022 20:00	1290.0	1379.5	1282.5	1362.5	342021
26.01.2022 04:00	1382.0	1386.0	1340.0	1357.0	36931
26.01.2022 08:00	1359.0	1382.5	1327.0	1373.0	189801
26.01.2022 12:00	1371.5	1462.5	1370.5	1433.0	479562
26.01.2022 16:00	1434.5	1468.0	1360.0	1371.0	614847
26.01.2022 20:00	1372.5	1401.5	1325.0	1340.0	439310
27.01.2022 04:00	1337.0	1345.0	1308.0	1336.0	36771
27.01.2022 08:00	1336.0	1412.0	1331.5	1407.0	263575
27.01.2022 12:00	1406.0	1444.0	1378.0	1435.0	385992
27.01.2022 16:00	1433.5	1481.0	1411.5	1444.0	665582
27.01.2022 20:00	1442.5	1444.5	1406.5	1422.5	173416
28.01.2022 04:00	1429.0	1478.0	1422.5	1464.5	76118
28.01.2022 08:00	1463.0	1494.0	1456.5	1473.0	389038
28.01.2022 12:00	1472.0	1485.0	1430.0	1436.0	184727
28.01.2022 16:00	1435.0	1458.0	1362.0	1406.5	621960
28.01.2022 20:00	1405.5	1407.5	1367.5	1393.5	190152
31.01.2022 04:00	1406.5	1434.0	1404.5	1419.0	56622
31.01.2022 08:00	1418.5	1494.5	1418.5	1471.5	334135
31.01.2022 12:00	1471.5	1475.0	1441.0	1454.5	216514
31.01.2022 16:00	1454.5	1556.5	1413.0	1555.5	611876
31.01.2022 20:00	1555.5	1608.5	1548.0	1606.5	508926
01.02.2022 04:00	1613.0	1777.0	1611.5	1713.0	440952
01.02.2022 08:00	1715.5	1744.0	1608.5	1686.0	1055424
01.02.2022 12:00	1685.0	1699.5	1656.5	1671.0	611030
01.02.2022 16:00	1672.0	1692.5	1610.5	1676.0	622549
01.02.2022 20:00	1675.0	1676.5	1602.0	1639.5	382625
02.02.2022 04:00	1642.5	1689.5	1642.5	1650.0	108662
02.02.2022 08:00	1650.0	1680.0	1645.0	1655.5	289813
02.02.2022 12:00	1655.5	1672.5	1630.0	1670.5	280556
02.02.2022 16:00	1670.5	1788.0	1630.5	1653.0	1739508
02.02.2022 20:00	1654.0	1692.5	1645.5	1660.5	339952
03.02.2022 04:00	1660.0	1664.0	1565.0	1622.5	182521
03.02.2022 08:00	1621.0	1667.5	1590.0	1630.5	429834
03.02.2022 12:00	1632.0	1635.0	1590.5	1600.5	337836
03.02.2022 16:00	1600.0	1621.0	1527.0	1554.5	620542
03.02.2022 20:00	1555.0	1561.0	1507.0	1516.0	375846
04.02.2022 04:00	1560.0	1575.0	1536.0	1556.0	161182
04.02.2022 08:00	1557.0	1624.0	1556.0	1606.0	610693
04.02.2022 12:00	1608.0	1611.0	1552.0	1570.5	419570
04.02.2022 16:00	1570.5	1575.5	1520.0	1532.0	799546
04.02.2022 20:00	1533.0	1560.5	1531.0	1538.0	272326
07.02.2022 04:00	1530.0	1562.0	1521.0	1558.5	73656
07.02.2022 08:00	1558.5	1562.0	1515.5	1524.5	207033
07.02.2022 12:00	1525.0	1544.0	1500.0	1531.0	252830
07.02.2022 16:00	1531.5	1531.5	1482.5	1491.5	277246
07.02.2022 20:00	1491.5	1517.0	1485.5	1501.0	153150
08.02.2022 04:00	1500.0	1521.5	1500.0	1514.5	26493
08.02.2022 08:00	1512.5	1549.0	1500.5	1539.5	259905
08.02.2022 12:00	1541.0	1559.0	1530.5	1549.5	233063
08.02.2022 16:00	1550.0	1572.0	1522.0	1569.0	343671
08.02.2022 20:00	1569.0	1617.0	1567.0	1598.0	343163
09.02.2022 04:00	1601.5	1634.0	1601.0	1629.5	101532
09.02.2022 08:00	1629.5	1655.0	1619.0	1651.0	349600
09.02.2022 12:00	1651.5	1670.5	1624.0	1644.0	339099
09.02.2022 16:00	1643.0	1664.5	1626.0	1634.5	289032
09.02.2022 20:00	1634.5	1649.5	1628.0	1646.0	87341
10.02.2022 04:00	1665.0	1674.5	1630.0	1638.0	74212
10.02.2022 08:00	1638.5	1659.5	1627.0	1634.0	197365
10.02.2022 12:00	1634.0	1661.0	1631.5	1652.5	174622
10.02.2022 16:00	1653.0	1670.0	1587.0	1653.5	751039
10.02.2022 20:00	1654.0	1659.0	1625.5	1631.0	247618
11.02.2022 04:00	1630.0	1636.5	1607.0	1611.0	50263
11.02.2022 08:00	1610.5	1629.0	1574.5	1577.0	254447
11.02.2022 12:00	1575.5	1591.5	1540.0	1576.0	306634
11.02.2022 16:00	1578.0	1612.5	1542.0	1551.0	414897
11.02.2022 20:00	1550.5	1556.5	1542.5	1552.5	20119
