datetime	open	high	low	close	volume
20.06.2019 00:00	1.026	1.026	1.02	1.02	40
21.06.2019 00:00	1.018	1.021	1.013	1.021	20870
24.06.2019 00:00	1.044	1.044	1.024	1.025	5450
28.06.2019 00:00	1.026	1.026	1.026	1.026	10
04.07.2019 00:00	1.041	1.041	1.041	1.041	20000
05.07.2019 00:00	1.042	1.042	1.041	1.041	80
08.07.2019 00:00	1.037	1.043	1.037	1.037	660
09.07.2019 00:00	1.035	1.036	1.03	1.03	1080
10.07.2019 00:00	1.039	1.039	1.039	1.039	1000
11.07.2019 00:00	1.048	1.048	1.048	1.048	10
17.07.2019 00:00	1.05	1.05	1.049	1.05	610
18.07.2019 00:00	1.038	1.038	1.038	1.038	470
19.07.2019 00:00	1.052	1.052	1.043	1.049	50
22.07.2019 00:00	1.044	1.044	1.044	1.044	10
23.07.2019 00:00	1.047	1.047	1.047	1.047	50
24.07.2019 00:00	1.048	1.048	1.048	1.048	210
25.07.2019 00:00	1.052	1.052	1.052	1.052	300
26.07.2019 00:00	1.055	1.055	1.05	1.05	310
29.07.2019 00:00	1.062	1.062	1.057	1.057	50
30.07.2019 00:00	1.054	1.054	1.05	1.05	40
31.07.2019 00:00	1.055	1.055	1.053	1.053	670
01.08.2019 00:00	1.042	1.042	1.042	1.042	460
02.08.2019 00:00	1.024	1.024	1.023	1.023	20
05.08.2019 00:00	1.014	1.014	0.999	1.005	90
06.08.2019 00:00	0.994	1.002	0.994	1.0	2990
07.08.2019 00:00	1.005	1.01	0.986	0.993	7100
08.08.2019 00:00	1.007	1.007	1.007	1.007	40
09.08.2019 00:00	1.021	1.022	1.016	1.016	460
12.08.2019 00:00	1.014	1.016	1.014	1.016	2570
13.08.2019 00:00	1.002	1.023	1.0	1.023	2850
14.08.2019 00:00	1.015	1.016	1.002	1.002	250
15.08.2019 00:00	1.001	1.001	0.99	0.999	1740
16.08.2019 00:00	1.003	1.011	1.003	1.011	140
19.08.2019 00:00	1.013	1.022	1.013	1.022	1990
20.08.2019 00:00	1.024	1.025	1.018	1.024	1030
21.08.2019 00:00	1.022	1.022	1.018	1.018	90
22.08.2019 00:00	1.026	1.026	1.015	1.021	980
23.08.2019 00:00	1.022	1.027	1.012	1.012	5350
26.08.2019 00:00	1.002	1.004	1.0	1.0	540
27.08.2019 00:00	1.009	1.014	1.002	1.012	1230
28.08.2019 00:00	1.003	1.004	1.0	1.0	2910
29.08.2019 00:00	1.018	1.018	1.017	1.018	2310
30.08.2019 00:00	1.022	1.03	1.02	1.021	280
02.09.2019 00:00	1.023	1.026	1.016	1.022	18390
03.09.2019 00:00	1.014	1.015	1.011	1.014	1750
04.09.2019 00:00	1.026	1.027	1.022	1.025	310
05.09.2019 00:00	1.034	1.044	1.034	1.044	11000
06.09.2019 00:00	1.043	1.044	1.037	1.038	6050
09.09.2019 00:00	1.046	1.047	1.044	1.045	22920
10.09.2019 00:00	1.042	1.042	1.035	1.037	1850
11.09.2019 00:00	1.037	1.045	1.037	1.041	90
12.09.2019 00:00	1.048	1.053	1.048	1.052	180
13.09.2019 00:00	1.056	1.056	1.052	1.052	490
16.09.2019 00:00	1.044	1.05	1.044	1.05	4690
17.09.2019 00:00	1.049	1.051	1.049	1.05	7350
18.09.2019 00:00	1.051	1.051	1.046	1.051	150
19.09.2019 00:00	1.043	1.057	1.043	1.057	960
20.09.2019 00:00	1.044	1.052	0.983	1.052	400
23.09.2019 00:00	1.051	1.051	1.044	1.047	5080
24.09.2019 00:00	1.048	1.052	1.047	1.047	3270
25.09.2019 00:00	1.04	1.04	1.034	1.034	760
26.09.2019 00:00	1.044	1.047	1.042	1.042	560
27.09.2019 00:00	1.045	1.045	1.039	1.042	930
30.09.2019 00:00	1.041	1.042	1.035	1.04	12470
01.10.2019 00:00	1.048	1.048	1.036	1.037	27430
02.10.2019 00:00	1.023	1.023	1.009	1.009	2390
03.10.2019 00:00	1.011	1.012	1.005	1.009	11010
04.10.2019 00:00	1.018	1.018	1.013	1.016	330
07.10.2019 00:00	1.029	1.032	1.028	1.031	690
08.10.2019 00:00	1.031	1.031	1.01	1.01	1180
09.10.2019 00:00	1.018	1.023	1.012	1.021	2480
10.10.2019 00:00	1.017	1.017	1.017	1.017	60
11.10.2019 00:00	1.034	1.046	1.033	1.046	1240
14.10.2019 00:00	1.045	1.045	1.038	1.038	4900
15.10.2019 00:00	1.044	1.05	1.039	1.05	1330
16.10.2019 00:00	1.047	1.048	1.043	1.048	3530
17.10.2019 00:00	1.047	1.05	1.045	1.045	5920
18.10.2019 00:00	1.049	1.051	1.046	1.047	4380
21.10.2019 00:00	1.049	1.051	1.043	1.051	280
22.10.2019 00:00	1.052	1.055	1.05	1.05	5620
23.10.2019 00:00	1.048	1.048	1.043	1.046	230
24.10.2019 00:00	1.047	1.053	1.047	1.048	470
25.10.2019 00:00	1.053	1.054	1.048	1.054	5730
28.10.2019 00:00	1.059	1.061	1.055	1.06	1820
29.10.2019 00:00	1.058	1.065	1.057	1.065	2630
30.10.2019 00:00	1.057	1.064	1.057	1.057	240
31.10.2019 00:00	1.068	1.068	1.059	1.059	10360
01.11.2019 00:00	1.065	1.065	1.06	1.064	2060
05.11.2019 00:00	1.078	1.081	1.074	1.077	5430
06.11.2019 00:00	1.078	1.079	1.072	1.077	15110
07.11.2019 00:00	1.071	1.081	1.071	1.081	750
08.11.2019 00:00	1.081	1.085	1.077	1.085	2060
11.11.2019 00:00	1.071	1.082	1.071	1.08	11150
12.11.2019 00:00	1.076	1.082	1.076	1.08	63190
13.11.2019 00:00	1.083	1.083	1.075	1.077	830
14.11.2019 00:00	1.082	1.084	1.076	1.084	10130
15.11.2019 00:00	1.088	1.089	1.083	1.083	12120
18.11.2019 00:00	1.09	1.095	1.085	1.085	1440
19.11.2019 00:00	1.087	1.096	1.087	1.092	14790
20.11.2019 00:00	1.096	1.096	1.088	1.09	10610
21.11.2019 00:00	1.09	1.093	1.083	1.093	2250
22.11.2019 00:00	1.087	1.091	1.085	1.087	860
25.11.2019 00:00	1.09	1.093	1.088	1.093	11810
26.11.2019 00:00	1.097	1.099	1.092	1.099	1130
27.11.2019 00:00	1.101	1.103	1.098	1.1	210
28.11.2019 00:00	1.104	1.104	1.101	1.103	4200
29.11.2019 00:00	1.103	1.104	1.095	1.104	10370
02.12.2019 00:00	1.102	1.106	1.088	1.09	83280
03.12.2019 00:00	1.091	1.094	1.072	1.077	56010
04.12.2019 00:00	1.076	1.092	1.075	1.092	7970
05.12.2019 00:00	1.093	1.096	1.09	1.09	33180
06.12.2019 00:00	1.091	1.1	1.091	1.096	15910
09.12.2019 00:00	1.106	1.106	1.1	1.1	5170
10.12.2019 00:00	1.101	1.103	1.092	1.101	40540
11.12.2019 00:00	1.099	1.101	1.098	1.101	1280
12.12.2019 00:00	1.108	1.11	1.1	1.106	6470
13.12.2019 00:00	1.118	1.118	1.11	1.113	28070
16.12.2019 00:00	1.11	1.122	1.11	1.122	1240
17.12.2019 00:00	1.123	1.124	1.114	1.121	14870
18.12.2019 00:00	1.117	1.12	1.115	1.12	1770
19.12.2019 00:00	1.118	1.12	1.114	1.114	23780
20.12.2019 00:00	1.12	1.125	1.119	1.123	22200
23.12.2019 00:00	1.125	1.135	1.125	1.129	8620
24.12.2019 00:00	1.133	1.133	1.126	1.128	9210
25.12.2019 00:00	1.132	1.133	1.124	1.133	8640
26.12.2019 00:00	1.126	1.133	1.125	1.133	13110
27.12.2019 00:00	1.14	1.14	1.125	1.138	40810
30.12.2019 00:00	1.135	1.138	1.13	1.13	19510
03.01.2020 00:00	1.143	1.143	1.127	1.134	27910
06.01.2020 00:00	1.135	1.136	1.121	1.134	7430
08.01.2020 00:00	1.136	1.137	1.13	1.137	3780
09.01.2020 00:00	1.14	1.15	1.136	1.144	46150
10.01.2020 00:00	1.153	1.153	1.144	1.145	20770
13.01.2020 00:00	1.139	1.147	1.139	1.147	11060
14.01.2020 00:00	1.145	1.155	1.145	1.151	30320
15.01.2020 00:00	1.154	1.155	1.146	1.153	13820
16.01.2020 00:00	1.156	1.159	1.149	1.159	12300
17.01.2020 00:00	1.164	1.166	1.159	1.163	26120
20.01.2020 00:00	1.159	1.167	1.159	1.165	29830
21.01.2020 00:00	1.163	1.165	1.156	1.16	27410
22.01.2020 00:00	1.17	1.17	1.162	1.165	10420
23.01.2020 00:00	1.156	1.169	1.156	1.161	9410
24.01.2020 00:00	1.164	1.169	1.156	1.164	25550
27.01.2020 00:00	1.148	1.156	1.13	1.132	72790
28.01.2020 00:00	1.146	1.146	1.135	1.14	3350
29.01.2020 00:00	1.152	1.152	1.142	1.149	57340
30.01.2020 00:00	1.143	1.148	1.131	1.139	11870
31.01.2020 00:00	1.141	1.15	1.134	1.138	19310
03.02.2020 00:00	1.124	1.14	1.124	1.14	6560
04.02.2020 00:00	1.135	1.152	1.133	1.146	25670
05.02.2020 00:00	1.157	1.164	1.142	1.157	24890
06.02.2020 00:00	1.175	1.175	1.161	1.161	29830
07.02.2020 00:00	1.168	1.169	1.16	1.162	12510
10.02.2020 00:00	1.168	1.168	1.155	1.166	2310
11.02.2020 00:00	1.176	1.179	1.164	1.179	3870
12.02.2020 00:00	1.174	1.179	1.164	1.179	16810
13.02.2020 00:00	1.169	1.179	1.169	1.175	13770
14.02.2020 00:00	1.19	1.19	1.172	1.177	58170
17.02.2020 00:00	1.178	1.186	1.175	1.183	24430
18.02.2020 00:00	1.181	1.183	1.172	1.175	17190
19.02.2020 00:00	1.178	1.184	1.169	1.183	14600
20.02.2020 00:00	1.188	1.189	1.178	1.184	5040
21.02.2020 00:00	1.172	1.175	1.164	1.165	12970
25.02.2020 00:00	1.124	1.138	1.116	1.116	21710
26.02.2020 00:00	1.081	1.111	1.08	1.109	134250
27.02.2020 00:00	1.075	1.09	1.058	1.058	50060
28.02.2020 00:00	1.022	1.036	1.0	1.011	78960
02.03.2020 00:00	1.06	1.075	1.017	1.032	241630
03.03.2020 00:00	1.059	1.096	1.059	1.091	105100
04.03.2020 00:00	1.066	1.077	1.051	1.069	15860
05.03.2020 00:00	1.075	1.096	1.06	1.07	49060
06.03.2020 00:00	1.063	1.064	1.019	1.032	112640
10.03.2020 00:00	1.02	1.047	0.958	0.958	51730
11.03.2020 00:00	0.975	0.986	0.96	0.969	21650
12.03.2020 00:00	0.906	0.955	0.854	0.884	53220
13.03.2020 00:00	0.868	0.92	0.868	0.874	168650
16.03.2020 00:00	0.885	0.904	0.819	0.898	173240
17.03.2020 00:00	0.879	0.901	0.828	0.87	37340
18.03.2020 00:00	0.853	0.865	0.819	0.83	59880
19.03.2020 00:00	0.84	0.856	0.81	0.856	31530
20.03.2020 00:00	0.87	0.875	0.829	0.831	55600
23.03.2020 00:00	0.787	0.833	0.755	0.773	49690
24.03.2020 00:00	0.839	0.839	0.807	0.835	41890
25.03.2020 00:00	0.856	0.873	0.836	0.859	97210
26.03.2020 00:00	0.857	0.9	0.84	0.9	148930
27.03.2020 00:00	0.897	0.906	0.871	0.887	20390
30.03.2020 00:00	0.889	0.9	0.866	0.9	31440
31.03.2020 00:00	0.912	0.922	0.899	0.914	39290
01.04.2020 00:00	0.88	0.88	0.86	0.871	8400
02.04.2020 00:00	0.872	0.878	0.848	0.868	25590
03.04.2020 00:00	0.873	0.879	0.861	0.865	5520
06.04.2020 00:00	0.88	0.91	0.88	0.907	33160
07.04.2020 00:00	0.926	1.0	0.926	0.953	442230
08.04.2020 00:00	0.931	0.95	0.917	0.95	54460
09.04.2020 00:00	0.96	0.977	0.942	0.966	21720
10.04.2020 00:00	0.96	0.978	0.96	0.977	9930
13.04.2020 00:00	0.961	0.969	0.945	0.951	58780
14.04.2020 00:00	0.964	0.989	0.964	0.982	38870
15.04.2020 00:00	0.977	0.988	0.956	0.96	31820
16.04.2020 00:00	0.96	0.978	0.96	0.972	14160
17.04.2020 00:00	1.0	1.004	0.985	0.988	32430
20.04.2020 00:00	0.978	0.996	0.976	0.993	12950
21.04.2020 00:00	0.967	0.976	0.946	0.95	34480
22.04.2020 00:00	0.951	0.97	0.951	0.97	10100
23.04.2020 00:00	0.978	0.988	0.967	0.985	10390
24.04.2020 00:00	0.966	0.98	0.948	0.972	7820
27.04.2020 00:00	0.981	0.998	0.981	0.995	17550
28.04.2020 00:00	0.994	1.014	0.993	1.0	14690
29.04.2020 00:00	1.015	1.021	1.002	1.019	71480
30.04.2020 00:00	1.025	1.028	1.007	1.014	378170
04.05.2020 00:00	0.975	0.985	0.97	0.979	13400
05.05.2020 00:00	0.989	1.005	0.984	1.0	11780
06.05.2020 00:00	1.003	1.005	0.994	0.997	18560
07.05.2020 00:00	0.99	1.005	0.99	1.005	8300
08.05.2020 00:00	1.015	1.017	1.008	1.012	18000
12.05.2020 00:00	1.011	1.025	1.011	1.018	17700
13.05.2020 00:00	1.007	1.007	0.988	0.989	9520
14.05.2020 00:00	0.971	0.983	0.963	0.971	6230
15.05.2020 00:00	0.971	0.997	0.971	0.985	8850
18.05.2020 00:00	1.005	1.028	0.989	1.025	29230
19.05.2020 00:00	1.033	1.033	1.02	1.025	17000
20.05.2020 00:00	1.024	1.033	1.02	1.033	9530
21.05.2020 00:00	1.024	1.034	1.021	1.021	9600
22.05.2020 00:00	1.014	1.024	1.011	1.02	5460
25.05.2020 00:00	1.033	1.042	1.027	1.042	7350
26.05.2020 00:00	1.044	1.051	1.041	1.044	22230
27.05.2020 00:00	1.047	1.057	1.028	1.037	31570
28.05.2020 00:00	1.053	1.063	1.053	1.063	23980
29.05.2020 00:00	1.055	1.055	1.046	1.049	7120
01.06.2020 00:00	1.049	1.063	1.044	1.056	10580
02.06.2020 00:00	1.05	1.073	1.05	1.062	15450
03.06.2020 00:00	1.079	1.086	1.071	1.08	100250
04.06.2020 00:00	1.081	1.088	1.076	1.085	31340
05.06.2020 00:00	1.093	1.115	1.086	1.115	39630
08.06.2020 00:00	1.088	1.131	1.088	1.111	57800
09.06.2020 00:00	1.117	1.121	1.105	1.111	54640
10.06.2020 00:00	1.122	1.123	1.102	1.105	80850
11.06.2020 00:00	1.095	1.095	1.069	1.071	66370
15.06.2020 00:00	1.04	1.051	1.017	1.049	29720
16.06.2020 00:00	1.089	1.1	1.073	1.089	30180
17.06.2020 00:00	1.096	1.102	1.08	1.086	8040
18.06.2020 00:00	1.088	1.089	1.07	1.078	17140
19.06.2020 00:00	1.085	1.096	1.081	1.086	14830
22.06.2020 00:00	1.077	1.082	1.07	1.076	4900
23.06.2020 00:00	1.082	1.099	1.082	1.094	12530
25.06.2020 00:00	1.034	1.076	1.034	1.059	28080
26.06.2020 00:00	1.069	1.075	1.05	1.057	41620
29.06.2020 00:00	1.042	1.06	1.042	1.051	31560
30.06.2020 00:00	1.058	1.072	1.055	1.066	18770
02.07.2020 00:00	1.105	1.105	1.081	1.094	46630
03.07.2020 00:00	1.097	1.097	1.078	1.081	31150
06.07.2020 00:00	1.122	1.122	1.093	1.1	43540
07.07.2020 00:00	1.103	1.106	1.091	1.106	19040
08.07.2020 00:00	1.095	1.112	1.089	1.094	29730
09.07.2020 00:00	1.104	1.108	1.08	1.082	48220
10.07.2020 00:00	1.085	1.101	1.085	1.101	22400
13.07.2020 00:00	1.132	1.132	1.102	1.12	29230
14.07.2020 00:00	1.093	1.105	1.088	1.102	54760
15.07.2020 00:00	1.13	1.13	1.112	1.12	48680
16.07.2020 00:00	1.111	1.118	1.108	1.115	24840
17.07.2020 00:00	1.136	1.136	1.114	1.119	36710
20.07.2020 00:00	1.115	1.126	1.109	1.125	44250
21.07.2020 00:00	1.14	1.142	1.124	1.138	65280
22.07.2020 00:00	1.131	1.143	1.125	1.134	31780
23.07.2020 00:00	1.134	1.146	1.133	1.141	39550
24.07.2020 00:00	1.122	1.127	1.112	1.12	69930
27.07.2020 00:00	1.128	1.128	1.114	1.12	23380
28.07.2020 00:00	1.125	1.129	1.114	1.124	26920
29.07.2020 00:00	1.126	1.126	1.116	1.126	28180
30.07.2020 00:00	1.123	1.13	1.111	1.123	111480
31.07.2020 00:00	1.129	1.143	1.119	1.127	56520
03.08.2020 00:00	1.121	1.144	1.121	1.14	29300
04.08.2020 00:00	1.151	1.151	1.139	1.144	41070
05.08.2020 00:00	1.165	1.165	1.15	1.154	48180
06.08.2020 00:00	1.155	1.16	1.148	1.156	87210
07.08.2020 00:00	1.16	1.165	1.154	1.163	32440
10.08.2020 00:00	1.163	1.171	1.154	1.164	85430
11.08.2020 00:00	1.164	1.177	1.164	1.174	72500
12.08.2020 00:00	1.167	1.173	1.154	1.173	52040
13.08.2020 00:00	1.173	1.177	1.167	1.175	40580
14.08.2020 00:00	1.175	1.175	1.16	1.172	27810
17.08.2020 00:00	1.175	1.177	1.168	1.175	48950
18.08.2020 00:00	1.178	1.18	1.169	1.177	70960
19.08.2020 00:00	1.178	1.185	1.174	1.179	41660
20.08.2020 00:00	1.187	1.187	1.162	1.171	67650
21.08.2020 00:00	1.18	1.18	1.166	1.171	51980
24.08.2020 00:00	1.189	1.19	1.174	1.187	32230
25.08.2020 00:00	1.191	1.2	1.189	1.192	55840
26.08.2020 00:00	1.196	1.2	1.191	1.196	28020
27.08.2020 00:00	1.201	1.215	1.2	1.215	32490
28.08.2020 00:00	1.226	1.226	1.205	1.215	60200
31.08.2020 00:00	1.221	1.226	1.202	1.211	56670
01.09.2020 00:00	1.214	1.223	1.212	1.22	40210
02.09.2020 00:00	1.221	1.3	1.221	1.231	115470
03.09.2020 00:00	1.237	1.248	1.195	1.199	73110
04.09.2020 00:00	1.193	1.21	1.16	1.167	187000
07.09.2020 00:00	1.187	1.192	1.172	1.19	68690
08.09.2020 00:00	1.192	1.194	1.155	1.165	84450
09.09.2020 00:00	1.16	1.177	1.146	1.177	42570
10.09.2020 00:00	1.181	1.188	1.17	1.18	37950
11.09.2020 00:00	1.169	1.172	1.156	1.163	47670
14.09.2020 00:00	1.166	1.186	1.155	1.18	45030
15.09.2020 00:00	1.18	1.187	1.171	1.186	26320
16.09.2020 00:00	1.187	1.189	1.179	1.187	33540
17.09.2020 00:00	1.162	1.175	1.153	1.168	53040
18.09.2020 00:00	1.172	1.172	1.155	1.155	25290
21.09.2020 00:00	1.15	1.15	1.118	1.12	138140
22.09.2020 00:00	1.123	1.143	1.123	1.137	50210
23.09.2020 00:00	1.144	1.155	1.131	1.139	24500
24.09.2020 00:00	1.126	1.129	1.11	1.125	34930
25.09.2020 00:00	1.129	1.13	1.116	1.13	12880
28.09.2020 00:00	1.174	1.174	1.13	1.161	44630
29.09.2020 00:00	1.161	1.165	1.152	1.158	60340
30.09.2020 00:00	1.155	1.17	1.144	1.17	26190
01.10.2020 00:00	1.186	1.192	1.167	1.169	57730
02.10.2020 00:00	1.157	1.166	1.13	1.163	40110
05.10.2020 00:00	1.166	1.175	1.163	1.171	25600
06.10.2020 00:00	1.178	1.183	1.172	1.175	55850
07.10.2020 00:00	1.175	1.18	1.166	1.179	28710
08.10.2020 00:00	1.18	1.192	1.179	1.188	49160
09.10.2020 00:00	1.197	1.216	1.189	1.204	27850
12.10.2020 00:00	1.204	1.224	1.202	1.221	97580
13.10.2020 00:00	1.221	1.228	1.215	1.223	85440
14.10.2020 00:00	1.223	1.224	1.21	1.217	45320
15.10.2020 00:00	1.21	1.21	1.19	1.201	54560
16.10.2020 00:00	1.219	1.219	1.203	1.214	32020
19.10.2020 00:00	1.214	1.216	1.2	1.206	27430
20.10.2020 00:00	1.201	1.201	1.173	1.193	45780
21.10.2020 00:00	1.194	1.201	1.185	1.193	34880
22.10.2020 00:00	1.193	1.195	1.181	1.192	32280
23.10.2020 00:00	1.192	1.205	1.191	1.199	66030
26.10.2020 00:00	1.19	1.195	1.17	1.178	27900
27.10.2020 00:00	1.179	1.187	1.172	1.176	25210
28.10.2020 00:00	1.175	1.175	1.137	1.14	145890
29.10.2020 00:00	1.14	1.165	1.13	1.143	125190
30.10.2020 00:00	1.132	1.144	1.121	1.125	45710
02.11.2020 00:00	1.132	1.152	1.127	1.147	71860
03.11.2020 00:00	1.148	1.172	1.147	1.17	63980
05.11.2020 00:00	1.181	1.218	1.18	1.213	149950
06.11.2020 00:00	1.213	1.217	1.196	1.207	69570
09.11.2020 00:00	1.225	1.273	1.223	1.248	230440
10.11.2020 00:00	1.236	1.242	1.215	1.218	134900
11.11.2020 00:00	1.248	1.248	1.218	1.234	77700
12.11.2020 00:00	1.231	1.252	1.222	1.231	68930
13.11.2020 00:00	1.212	1.239	1.212	1.233	121410
16.11.2020 00:00	1.25	1.269	1.234	1.252	201710
17.11.2020 00:00	1.252	1.256	1.242	1.249	159050
18.11.2020 00:00	1.244	1.257	1.241	1.252	68450
19.11.2020 00:00	1.239	1.24	1.225	1.235	94840
20.11.2020 00:00	1.236	1.244	1.231	1.236	120200
23.11.2020 00:00	1.241	1.246	1.233	1.233	108520
24.11.2020 00:00	1.24	1.256	1.24	1.25	94770
25.11.2020 00:00	1.257	1.263	1.251	1.256	84060
26.11.2020 00:00	1.263	1.268	1.256	1.261	156380
27.11.2020 00:00	1.26	1.265	1.254	1.263	41870
30.11.2020 00:00	1.251	1.264	1.242	1.25	84940
01.12.2020 00:00	1.258	1.271	1.258	1.27	88140
02.12.2020 00:00	1.27	1.274	1.262	1.268	69520
03.12.2020 00:00	1.273	1.276	1.267	1.272	111200
04.12.2020 00:00	1.278	1.278	1.27	1.273	78670
07.12.2020 00:00	1.273	1.28	1.269	1.279	58720
08.12.2020 00:00	1.279	1.279	1.267	1.275	60830
09.12.2020 00:00	1.278	1.289	1.278	1.285	112920
10.12.2020 00:00	1.274	1.277	1.263	1.27	51960
11.12.2020 00:00	1.277	1.281	1.257	1.265	93570
14.12.2020 00:00	1.269	1.281	1.268	1.281	60440
15.12.2020 00:00	1.28	1.281	1.266	1.27	56270
16.12.2020 00:00	1.274	1.286	1.271	1.28	72470
17.12.2020 00:00	1.287	1.293	1.284	1.288	52200
18.12.2020 00:00	1.289	1.293	1.281	1.284	119680
21.12.2020 00:00	1.284	1.294	1.244	1.263	119390
22.12.2020 00:00	1.269	1.283	1.267	1.279	98870
23.12.2020 00:00	1.279	1.282	1.27	1.281	61400
24.12.2020 00:00	1.281	1.287	1.274	1.282	56950
25.12.2020 00:00	1.285	1.288	1.276	1.287	75660
28.12.2020 00:00	1.294	1.296	1.287	1.295	129670
29.12.2020 00:00	1.295	1.302	1.29	1.296	113620
30.12.2020 00:00	1.293	1.316	1.28	1.298	203730
04.01.2021 00:00	1.3	1.31	1.292	1.293	101670
05.01.2021 00:00	1.284	1.292	1.27	1.28	61210
06.01.2021 00:00	1.28	1.3	1.277	1.3	55160
08.01.2021 00:00	1.306	1.342	1.305	1.319	86950
11.01.2021 00:00	1.319	1.319	1.301	1.317	97980
12.01.2021 00:00	1.322	1.322	1.312	1.315	76850
13.01.2021 00:00	1.32	1.32	1.307	1.315	45360
14.01.2021 00:00	1.319	1.323	1.315	1.32	79480
15.01.2021 00:00	1.307	1.311	1.294	1.302	94820
18.01.2021 00:00	1.302	1.308	1.297	1.305	59710
19.01.2021 00:00	1.305	1.316	1.303	1.311	98560
20.01.2021 00:00	1.314	1.326	1.308	1.325	72080
21.01.2021 00:00	1.332	1.336	1.326	1.334	147950
22.01.2021 00:00	1.333	1.333	1.316	1.324	111960
25.01.2021 00:00	1.325	1.335	1.325	1.333	111240
26.01.2021 00:00	1.332	1.354	1.309	1.333	84390
27.01.2021 00:00	1.331	1.334	1.298	1.312	101410
28.01.2021 00:00	1.3	1.315	1.281	1.313	168740
29.01.2021 00:00	1.306	1.307	1.287	1.3	228110
01.02.2021 00:00	1.296	1.3	1.282	1.294	142550
02.02.2021 00:00	1.313	1.324	1.305	1.323	141880
03.02.2021 00:00	1.325	1.334	1.316	1.316	74970
04.02.2021 00:00	1.32	1.329	1.315	1.326	176110
05.02.2021 00:00	1.345	1.345	1.332	1.34	113070
08.02.2021 00:00	1.353	1.353	1.341	1.349	123500
09.02.2021 00:00	1.352	1.359	1.346	1.349	93510
10.02.2021 00:00	1.351	1.362	1.344	1.346	118190
11.02.2021 00:00	1.358	1.358	1.35	1.35	121040
12.02.2021 00:00	1.352	1.355	1.345	1.354	56080
15.02.2021 00:00	1.367	1.372	1.356	1.367	88730
16.02.2021 00:00	1.372	1.373	1.357	1.362	153660
17.02.2021 00:00	1.367	1.367	1.349	1.349	86180
18.02.2021 00:00	1.355	1.358	1.342	1.345	62180
19.02.2021 00:00	1.354	1.359	1.35	1.357	86300
20.02.2021 00:00	1.355	1.357	1.348	1.355	19470
22.02.2021 00:00	1.352	1.355	1.334	1.338	85580
24.02.2021 00:00	1.341	1.345	1.329	1.34	121690
25.02.2021 00:00	1.352	1.359	1.343	1.343	64950
26.02.2021 00:00	1.343	1.343	1.308	1.316	125130
01.03.2021 00:00	1.328	1.345	1.317	1.344	102310
02.03.2021 00:00	1.344	1.347	1.333	1.34	133350
03.03.2021 00:00	1.34	1.365	1.325	1.331	90650
04.03.2021 00:00	1.316	1.328	1.307	1.313	175750
05.03.2021 00:00	1.309	1.315	1.29	1.298	123240
09.03.2021 00:00	1.34	1.341	1.311	1.34	98020
10.03.2021 00:00	1.337	1.348	1.331	1.343	146720
11.03.2021 00:00	1.359	1.36	1.348	1.356	124690
12.03.2021 00:00	1.367	1.368	1.349	1.354	80630
15.03.2021 00:00	1.358	1.368	1.35	1.356	154280
16.03.2021 00:00	1.363	1.373	1.357	1.371	53900
17.03.2021 00:00	1.362	1.371	1.355	1.355	79900
18.03.2021 00:00	1.362	1.389	1.357	1.365	190630
19.03.2021 00:00	1.36	1.36	1.34	1.348	159660
22.03.2021 00:00	1.35	1.359	1.343	1.356	69180
23.03.2021 00:00	1.356	1.36	1.348	1.359	104380
24.03.2021 00:00	1.35	1.358	1.339	1.358	36130
25.03.2021 00:00	1.343	1.354	1.33	1.337	68220
26.03.2021 00:00	1.381	1.381	1.348	1.353	43330
29.03.2021 00:00	1.359	1.383	1.359	1.366	108220
30.03.2021 00:00	1.368	1.374	1.342	1.37	111150
31.03.2021 00:00	1.37	1.376	1.358	1.374	50470
01.04.2021 00:00	1.379	1.384	1.369	1.38	118150
02.04.2021 00:00	1.394	1.394	1.38	1.388	196970
05.04.2021 00:00	1.395	1.41	1.388	1.41	199360
06.04.2021 00:00	1.409	1.41	1.398	1.409	145280
07.04.2021 00:00	1.408	1.411	1.397	1.407	125630
08.04.2021 00:00	1.417	1.417	1.406	1.406	74930
09.04.2021 00:00	1.408	1.439	1.407	1.415	161450
12.04.2021 00:00	1.427	1.432	1.415	1.42	117810
13.04.2021 00:00	1.422	1.425	1.414	1.425	113290
14.04.2021 00:00	1.432	1.436	1.423	1.427	105360
15.04.2021 00:00	1.413	1.435	1.412	1.431	155030
16.04.2021 00:00	1.432	1.444	1.419	1.443	347230
19.04.2021 00:00	1.444	1.444	1.431	1.435	114340
20.04.2021 00:00	1.439	1.443	1.42	1.422	83580
21.04.2021 00:00	1.425	1.431	1.419	1.428	75770
22.04.2021 00:00	1.438	1.445	1.432	1.438	130530
23.04.2021 00:00	1.444	1.449	1.422	1.441	226860
26.04.2021 00:00	1.441	1.448	1.435	1.448	150920
27.04.2021 00:00	1.447	1.45	1.441	1.444	122160
28.04.2021 00:00	1.445	1.449	1.438	1.448	143490
29.04.2021 00:00	1.449	1.458	1.445	1.451	181860
30.04.2021 00:00	1.449	1.455	1.446	1.446	136880
10.05.2021 00:00	1.465	1.64	1.409	1.453	211228
11.05.2021 00:00	1.45	1.45	1.421	1.433	188726
12.05.2021 00:00	1.431	1.435	1.411	1.411	124455
13.05.2021 00:00	1.41	1.426	1.391	1.418	141360
14.05.2021 00:00	1.422	1.438	1.42	1.436	125044
17.05.2021 00:00	1.435	1.443	1.431	1.433	151626
18.05.2021 00:00	1.44	1.45	1.433	1.437	80353
19.05.2021 00:00	1.432	1.434	1.4	1.41	147499
20.05.2021 00:00	1.447	1.447	1.409	1.435	179520
21.05.2021 00:00	1.439	1.444	1.431	1.439	110622
24.05.2021 00:00	1.44	1.445	1.433	1.442	120434
25.05.2021 00:00	1.449	1.457	1.441	1.446	139734
26.05.2021 00:00	1.449	1.454	1.44	1.448	104002
27.05.2021 00:00	1.449	1.453	1.439	1.446	108635
28.05.2021 00:00	1.443	1.456	1.443	1.45	68602
31.05.2021 00:00	1.453	1.454	1.448	1.451	65500
01.06.2021 00:00	1.454	1.461	1.443	1.455	150310
02.06.2021 00:00	1.454	1.456	1.436	1.456	109006
03.06.2021 00:00	1.443	1.452	1.435	1.449	96600
04.06.2021 00:00	1.447	1.458	1.439	1.457	77044
07.06.2021 00:00	1.459	1.462	1.45	1.456	85758
08.06.2021 00:00	1.46	1.463	1.451	1.456	92103
09.06.2021 00:00	1.46	1.462	1.451	1.46	101410
10.06.2021 00:00	1.46	1.465	1.45	1.462	100961
11.06.2021 00:00	1.462	1.467	1.459	1.463	89673
14.06.2021 00:00	1.463	1.47	1.46	1.464	111625
15.06.2021 00:00	1.47	1.474	1.464	1.465	129751
16.06.2021 00:00	1.469	1.47	1.46	1.465	69662
17.06.2021 00:00	1.45	1.457	1.434	1.456	90702
18.06.2021 00:00	1.459	1.459	1.435	1.44	144879
21.06.2021 00:00	1.435	1.454	1.407	1.453	119127
22.06.2021 00:00	1.459	1.461	1.45	1.46	83318
23.06.2021 00:00	1.472	1.473	1.461	1.463	63601
24.06.2021 00:00	1.465	1.473	1.462	1.471	101902
25.06.2021 00:00	1.474	1.476	1.467	1.474	69710
28.06.2021 00:00	1.478	1.48	1.47	1.477	88315
29.06.2021 00:00	1.479	1.482	1.471	1.48	79699
30.06.2021 00:00	1.483	1.484	1.475	1.484	96575
01.07.2021 00:00	1.487	1.487	1.475	1.479	81200
02.07.2021 00:00	1.485	1.496	1.485	1.493	114770
05.07.2021 00:00	1.5	1.504	1.494	1.504	71136
06.07.2021 00:00	1.504	1.507	1.485	1.489	135177
07.07.2021 00:00	1.497	1.503	1.49	1.5	114848
08.07.2021 00:00	1.5	1.5	1.474	1.484	174903
09.07.2021 00:00	1.493	1.504	1.485	1.503	145062
12.07.2021 00:00	1.507	1.514	1.498	1.512	95490
13.07.2021 00:00	1.513	1.515	1.505	1.513	129069
14.07.2021 00:00	1.509	1.523	1.497	1.505	195269
15.07.2021 00:00	1.51	1.518	1.498	1.506	131096
16.07.2021 00:00	1.503	1.51	1.496	1.499	94203
19.07.2021 00:00	1.496	1.496	1.458	1.469	212915
20.07.2021 00:00	1.475	1.488	1.467	1.486	156936
21.07.2021 00:00	1.494	1.499	1.488	1.499	89408
22.07.2021 00:00	1.516	1.52	1.497	1.499	186646
23.07.2021 00:00	1.511	1.518	1.506	1.517	105441
26.07.2021 00:00	1.518	1.523	1.502	1.52	119587
27.07.2021 00:00	1.52	1.523	1.505	1.508	100566
28.07.2021 00:00	1.512	1.521	1.51	1.518	93468
29.07.2021 00:00	1.524	1.528	1.515	1.526	199148
30.07.2021 00:00	1.516	1.522	1.504	1.514	143865
02.08.2021 00:00	1.52	1.528	1.519	1.522	368142
03.08.2021 00:00	1.516	1.52	1.507	1.515	145561
04.08.2021 00:00	1.524	1.526	1.517	1.519	112666
05.08.2021 00:00	1.518	1.525	1.515	1.521	138807
06.08.2021 00:00	1.526	1.532	1.521	1.529	185888
09.08.2021 00:00	1.527	1.53	1.524	1.53	172323
10.08.2021 00:00	1.53	1.533	1.524	1.529	95297
11.08.2021 00:00	1.53	1.536	1.524	1.533	98897
12.08.2021 00:00	1.537	1.538	1.529	1.531	110158
13.08.2021 00:00	1.54	1.546	1.534	1.544	137010
16.08.2021 00:00	1.54	1.542	1.53	1.535	165577
17.08.2021 00:00	1.54	1.543	1.531	1.537	94841
18.08.2021 00:00	1.541	1.541	1.526	1.535	106851
19.08.2021 00:00	1.504	1.521	1.499	1.517	213810
20.08.2021 00:00	1.517	1.534	1.51	1.533	215178
23.08.2021 00:00	1.54	1.55	1.531	1.548	93490
24.08.2021 00:00	1.554	1.6	1.544	1.547	358221
25.08.2021 00:00	1.553	1.553	1.543	1.55	117845
26.08.2021 00:00	1.548	1.551	1.541	1.55	167513
27.08.2021 00:00	1.55	1.559	1.542	1.559	113751
30.08.2021 00:00	1.558	1.57	1.55	1.564	199688
31.08.2021 00:00	1.572	1.572	1.56	1.568	135504
01.09.2021 00:00	1.57	1.572	1.558	1.566	170565
02.09.2021 00:00	1.557	1.571	1.557	1.57	159656
03.09.2021 00:00	1.569	1.573	1.561	1.566	254215
06.09.2021 00:00	1.57	1.573	1.561	1.572	122743
07.09.2021 00:00	1.573	1.573	1.56	1.564	134885
08.09.2021 00:00	1.564	1.588	1.551	1.556	374130
09.09.2021 00:00	1.554	1.565	1.546	1.561	192757
10.09.2021 00:00	1.558	1.562	1.547	1.549	133050
13.09.2021 00:00	1.549	1.552	1.538	1.542	136855
14.09.2021 00:00	1.548	1.549	1.532	1.54	92213
15.09.2021 00:00	1.536	1.538	1.529	1.534	131377
16.09.2021 00:00	1.54	1.575	1.528	1.538	558061
17.09.2021 00:00	1.553	1.553	1.526	1.526	138077
20.09.2021 00:00	1.518	1.518	1.498	1.501	296368
21.09.2021 00:00	1.515	1.521	1.496	1.51	202460
22.09.2021 00:00	1.512	1.523	1.505	1.522	103585
23.09.2021 00:00	1.525	1.542	1.522	1.534	219417
24.09.2021 00:00	1.535	1.54	1.522	1.54	128108
27.09.2021 00:00	1.547	1.548	1.527	1.537	162797
28.09.2021 00:00	1.534	1.535	1.496	1.508	174626
29.09.2021 00:00	1.505	1.519	1.502	1.512	111365
30.09.2021 00:00	1.515	1.522	1.482	1.489	174162
01.10.2021 00:00	1.474	1.509	1.464	1.505	407825
04.10.2021 00:00	1.5	1.504	1.474	1.49	237001
05.10.2021 00:00	1.49	1.51	1.481	1.502	171698
06.10.2021 00:00	1.494	1.507	1.472	1.506	422760
07.10.2021 00:00	1.51	1.531	1.505	1.522	125635
08.10.2021 00:00	1.515	1.526	1.511	1.521	67490
11.10.2021 00:00	1.516	1.528	1.5	1.504	172162
12.10.2021 00:00	1.495	1.512	1.492	1.492	245227
13.10.2021 00:00	1.495	1.51	1.494	1.509	142815
14.10.2021 00:00	1.514	1.535	1.509	1.528	132719
15.10.2021 00:00	1.532	1.547	1.532	1.547	134472
18.10.2021 00:00	1.542	1.551	1.53	1.543	138977
19.10.2021 00:00	1.555	1.56	1.543	1.558	93422
20.10.2021 00:00	1.553	1.566	1.553	1.559	116826
21.10.2021 00:00	1.56	1.565	1.555	1.564	90125
22.10.2021 00:00	1.57	1.575	1.559	1.564	146277
25.10.2021 00:00	1.561	1.582	1.561	1.58	128001
26.10.2021 00:00	1.581	1.587	1.573	1.581	225008
27.10.2021 00:00	1.584	1.584	1.565	1.573	188517
28.10.2021 00:00	1.574	1.584	1.565	1.582	110047
29.10.2021 00:00	1.574	1.584	1.57	1.581	135294
01.11.2021 00:00	1.588	1.594	1.58	1.591	185422
02.11.2021 00:00	1.593	1.593	1.58	1.584	175459
03.11.2021 00:00	1.582	1.605	1.582	1.599	94970
05.11.2021 00:00	1.606	1.626	1.606	1.612	253396
08.11.2021 00:00	1.617	1.626	1.61	1.623	183848
09.11.2021 00:00	1.623	1.626	1.602	1.613	196361
10.11.2021 00:00	1.615	1.618	1.588	1.596	197458
11.11.2021 00:00	1.608	1.613	1.601	1.61	102050
12.11.2021 00:00	1.61	1.619	1.596	1.615	248367
15.11.2021 00:00	1.617	1.625	1.611	1.614	155911
16.11.2021 00:00	1.619	1.625	1.61	1.623	178886
17.11.2021 00:00	1.624	1.627	1.613	1.62	126324
18.11.2021 00:00	1.624	1.627	1.609	1.621	176541
19.11.2021 00:00	1.63	1.63	1.614	1.62	142420
22.11.2021 00:00	1.624	1.639	1.62	1.624	399318
23.11.2021 00:00	1.616	1.624	1.598	1.613	246346
24.11.2021 00:00	1.62	1.622	1.604	1.622	138180
25.11.2021 00:00	1.631	1.631	1.616	1.628	96560
26.11.2021 00:00	1.608	1.608	1.578	1.589	250454
29.11.2021 00:00	1.604	1.615	1.592	1.613	202105
30.11.2021 00:00	1.589	1.607	1.572	1.58	208416
01.12.2021 00:00	1.595	1.608	1.57	1.57	294720
02.12.2021 00:00	1.565	1.587	1.55	1.585	224263
03.12.2021 00:00	1.583	1.59	1.552	1.554	194278
06.12.2021 00:00	1.578	1.585	1.558	1.582	162278
07.12.2021 00:00	1.594	1.619	1.587	1.614	137485
08.12.2021 00:00	1.615	1.624	1.605	1.615	121253
09.12.2021 00:00	1.615	1.623	1.608	1.615	87796
10.12.2021 00:00	1.605	1.626	1.605	1.616	133552
13.12.2021 00:00	1.635	1.636	1.605	1.61	177987
14.12.2021 00:00	1.614	1.618	1.584	1.6	154594
15.12.2021 00:00	1.603	1.625	1.584	1.615	141129
16.12.2021 00:00	1.628	1.638	1.598	1.603	164448
17.12.2021 00:00	1.604	1.611	1.584	1.597	99695
20.12.2021 00:00	1.58	1.58	1.556	1.564	219157
21.12.2021 00:00	1.592	1.605	1.577	1.598	194379
22.12.2021 00:00	1.602	1.616	1.593	1.612	106494
23.12.2021 00:00	1.621	1.63	1.614	1.625	99336
24.12.2021 00:00	1.625	1.63	1.613	1.62	98551
27.12.2021 00:00	1.634	1.647	1.622	1.643	204790
28.12.2021 00:00	1.65	1.652	1.634	1.648	275653
29.12.2021 00:00	1.644	1.655	1.64	1.646	140988
30.12.2021 00:00	1.65	1.657	1.645	1.654	181053
03.01.2022 00:00	1.654	1.657	1.632	1.645	232666
04.01.2022 00:00	1.654	1.663	1.643	1.646	201469
05.01.2022 00:00	1.645	1.655	1.625	1.629	161399
06.01.2022 00:00	1.62	1.63	1.607	1.624	183981
10.01.2022 00:00	1.619	1.622	1.581	1.602	281705
11.01.2022 00:00	1.611	1.625	1.601	1.623	220745
12.01.2022 00:00	1.63	1.64	1.622	1.625	141678
13.01.2022 00:00	1.632	1.636	1.613	1.613	355044
14.01.2022 00:00	1.62	1.635	1.588	1.605	170818
17.01.2022 00:00	1.61	1.615	1.6	1.614	144458
18.01.2022 00:00	1.609	1.609	1.576	1.584	341852
19.01.2022 00:00	1.575	1.587	1.562	1.574	215397
20.01.2022 00:00	1.576	1.59	1.555	1.556	194418
21.01.2022 00:00	1.546	1.552	1.52	1.525	289057
24.01.2022 00:00	1.533	1.533	1.452	1.517	652250
25.01.2022 00:00	1.51	1.52	1.477	1.508	249365
26.01.2022 00:00	1.507	1.532	1.48	1.495	278200
27.01.2022 00:00	1.475	1.525	1.474	1.489	312809
28.01.2022 00:00	1.491	1.52	1.475	1.512	422133
31.01.2022 00:00	1.52	1.548	1.513	1.539	221414
01.02.2022 00:00	1.545	1.56	1.542	1.555	155495
