datetime	open	high	low	close	volume
20.06.2019 12:00	1.026	1.026	1.02	1.02	40
21.06.2019 08:00	1.018	1.018	1.013	1.018	30
21.06.2019 12:00	1.019	1.021	1.013	1.021	20790
21.06.2019 16:00	1.02	1.021	1.02	1.021	50
24.06.2019 08:00	1.044	1.044	1.031	1.031	4430
24.06.2019 12:00	1.024	1.031	1.024	1.025	1020
28.06.2019 08:00	1.026	1.026	1.026	1.026	10
04.07.2019 12:00	1.041	1.041	1.041	1.041	20000
05.07.2019 16:00	1.042	1.042	1.041	1.041	80
08.07.2019 08:00	1.037	1.043	1.037	1.037	660
09.07.2019 08:00	1.035	1.035	1.035	1.035	1000
09.07.2019 12:00	1.036	1.036	1.036	1.036	60
09.07.2019 16:00	1.03	1.03	1.03	1.03	20
10.07.2019 12:00	1.039	1.039	1.039	1.039	1000
11.07.2019 16:00	1.048	1.048	1.048	1.048	10
17.07.2019 12:00	1.05	1.05	1.05	1.05	500
17.07.2019 16:00	1.049	1.05	1.049	1.05	110
18.07.2019 08:00	1.038	1.038	1.038	1.038	100
18.07.2019 16:00	1.038	1.038	1.038	1.038	370
19.07.2019 08:00	1.052	1.052	1.043	1.051	30
19.07.2019 12:00	1.049	1.049	1.049	1.049	10
19.07.2019 16:00	1.049	1.049	1.049	1.049	10
22.07.2019 12:00	1.044	1.044	1.044	1.044	10
23.07.2019 16:00	1.047	1.047	1.047	1.047	50
24.07.2019 12:00	1.048	1.048	1.048	1.048	210
25.07.2019 16:00	1.052	1.052	1.052	1.052	300
26.07.2019 16:00	1.055	1.055	1.05	1.05	310
29.07.2019 08:00	1.062	1.062	1.062	1.062	30
29.07.2019 12:00	1.058	1.058	1.057	1.057	20
30.07.2019 12:00	1.054	1.054	1.05	1.05	40
31.07.2019 08:00	1.055	1.055	1.055	1.055	150
31.07.2019 12:00	1.055	1.055	1.055	1.055	20
31.07.2019 16:00	1.053	1.053	1.053	1.053	500
01.08.2019 08:00	1.042	1.042	1.042	1.042	460
02.08.2019 12:00	1.024	1.024	1.024	1.024	10
02.08.2019 16:00	1.023	1.023	1.023	1.023	10
05.08.2019 12:00	1.014	1.014	1.014	1.014	10
05.08.2019 16:00	1.005	1.005	0.999	1.005	80
06.08.2019 08:00	0.994	0.994	0.994	0.994	1960
06.08.2019 12:00	1.002	1.002	1.002	1.002	20
06.08.2019 16:00	1.001	1.001	1.0	1.0	1010
07.08.2019 08:00	1.005	1.005	1.005	1.005	10
07.08.2019 12:00	1.009	1.01	0.992	0.992	2050
07.08.2019 16:00	0.995	0.995	0.986	0.993	5040
08.08.2019 08:00	1.007	1.007	1.007	1.007	40
09.08.2019 12:00	1.021	1.022	1.021	1.022	30
09.08.2019 16:00	1.022	1.022	1.016	1.016	430
12.08.2019 12:00	1.014	1.016	1.014	1.016	2570
13.08.2019 08:00	1.002	1.002	1.001	1.001	340
13.08.2019 12:00	1.003	1.003	1.0	1.002	1510
13.08.2019 16:00	1.023	1.023	1.023	1.023	1000
14.08.2019 12:00	1.015	1.016	1.01	1.01	120
14.08.2019 16:00	1.002	1.002	1.002	1.002	130
15.08.2019 08:00	1.001	1.001	1.0	1.0	170
15.08.2019 12:00	1.0	1.0	0.99	0.993	1560
15.08.2019 16:00	0.999	0.999	0.999	0.999	10
16.08.2019 08:00	1.003	1.003	1.003	1.003	10
16.08.2019 12:00	1.007	1.007	1.007	1.007	70
16.08.2019 16:00	1.005	1.011	1.005	1.011	60
19.08.2019 08:00	1.013	1.013	1.013	1.013	1000
19.08.2019 12:00	1.022	1.022	1.022	1.022	970
19.08.2019 16:00	1.022	1.022	1.022	1.022	20
20.08.2019 08:00	1.024	1.025	1.024	1.024	980
20.08.2019 12:00	1.018	1.024	1.018	1.024	50
21.08.2019 12:00	1.022	1.022	1.021	1.021	20
21.08.2019 16:00	1.018	1.018	1.018	1.018	70
22.08.2019 08:00	1.026	1.026	1.026	1.026	140
22.08.2019 16:00	1.026	1.026	1.015	1.021	840
23.08.2019 08:00	1.022	1.027	1.022	1.027	4720
23.08.2019 12:00	1.023	1.023	1.022	1.022	580
23.08.2019 16:00	1.021	1.021	1.012	1.012	50
26.08.2019 08:00	1.002	1.002	1.002	1.002	10
26.08.2019 12:00	1.004	1.004	1.004	1.004	40
26.08.2019 16:00	1.004	1.004	1.0	1.0	490
27.08.2019 08:00	1.009	1.009	1.005	1.005	1000
27.08.2019 12:00	1.002	1.009	1.002	1.009	80
27.08.2019 16:00	1.014	1.014	1.012	1.012	150
28.08.2019 08:00	1.003	1.003	1.003	1.003	2500
28.08.2019 12:00	1.004	1.004	1.0	1.0	410
29.08.2019 12:00	1.018	1.018	1.017	1.018	2010
29.08.2019 16:00	1.018	1.018	1.018	1.018	300
30.08.2019 08:00	1.022	1.022	1.022	1.022	50
30.08.2019 12:00	1.03	1.03	1.03	1.03	100
30.08.2019 16:00	1.025	1.025	1.02	1.021	130
02.09.2019 08:00	1.023	1.023	1.023	1.023	18000
02.09.2019 12:00	1.023	1.026	1.016	1.026	170
02.09.2019 16:00	1.021	1.022	1.021	1.022	220
03.09.2019 08:00	1.014	1.014	1.014	1.014	40
03.09.2019 12:00	1.015	1.015	1.012	1.012	180
03.09.2019 16:00	1.015	1.015	1.011	1.014	1530
04.09.2019 12:00	1.026	1.027	1.022	1.027	290
04.09.2019 16:00	1.025	1.025	1.025	1.025	20
05.09.2019 08:00	1.034	1.036	1.034	1.036	1540
05.09.2019 12:00	1.036	1.038	1.036	1.037	8440
05.09.2019 16:00	1.038	1.044	1.038	1.044	1020
06.09.2019 08:00	1.043	1.043	1.037	1.037	1310
06.09.2019 12:00	1.04	1.044	1.04	1.044	4500
06.09.2019 16:00	1.038	1.038	1.038	1.038	240
09.09.2019 08:00	1.046	1.046	1.045	1.045	2120
09.09.2019 12:00	1.045	1.047	1.044	1.047	3040
09.09.2019 16:00	1.044	1.045	1.044	1.045	17760
10.09.2019 08:00	1.042	1.042	1.039	1.039	230
10.09.2019 12:00	1.038	1.042	1.035	1.035	1480
10.09.2019 16:00	1.041	1.041	1.037	1.037	140
11.09.2019 08:00	1.037	1.037	1.037	1.037	10
11.09.2019 12:00	1.04	1.045	1.04	1.045	50
11.09.2019 16:00	1.045	1.045	1.041	1.041	30
12.09.2019 08:00	1.048	1.053	1.048	1.053	30
12.09.2019 12:00	1.052	1.052	1.05	1.05	140
12.09.2019 16:00	1.052	1.052	1.052	1.052	10
13.09.2019 08:00	1.056	1.056	1.056	1.056	10
13.09.2019 12:00	1.056	1.056	1.053	1.056	410
13.09.2019 16:00	1.056	1.056	1.052	1.052	70
16.09.2019 08:00	1.044	1.048	1.044	1.048	1270
16.09.2019 12:00	1.047	1.048	1.047	1.048	1320
16.09.2019 16:00	1.049	1.05	1.049	1.05	2100
17.09.2019 08:00	1.049	1.05	1.049	1.05	210
17.09.2019 12:00	1.049	1.049	1.049	1.049	20
17.09.2019 16:00	1.049	1.051	1.049	1.05	7120
18.09.2019 08:00	1.051	1.051	1.046	1.046	140
18.09.2019 12:00	1.051	1.051	1.051	1.051	10
19.09.2019 08:00	1.043	1.05	1.043	1.05	190
19.09.2019 12:00	1.05	1.051	1.049	1.051	670
19.09.2019 16:00	1.057	1.057	1.057	1.057	100
20.09.2019 08:00	1.044	1.048	0.983	1.048	140
20.09.2019 12:00	1.052	1.052	1.049	1.052	260
23.09.2019 08:00	1.051	1.051	1.051	1.051	10
23.09.2019 12:00	1.046	1.046	1.046	1.046	10
23.09.2019 16:00	1.044	1.047	1.044	1.047	5060
24.09.2019 08:00	1.048	1.048	1.048	1.048	120
24.09.2019 12:00	1.052	1.052	1.048	1.052	940
24.09.2019 16:00	1.048	1.048	1.047	1.047	2210
25.09.2019 08:00	1.04	1.04	1.04	1.04	10
25.09.2019 12:00	1.037	1.039	1.037	1.039	470
25.09.2019 16:00	1.035	1.038	1.034	1.034	280
26.09.2019 08:00	1.044	1.046	1.043	1.046	360
26.09.2019 12:00	1.045	1.047	1.045	1.047	130
26.09.2019 16:00	1.042	1.042	1.042	1.042	70
27.09.2019 08:00	1.045	1.045	1.039	1.044	690
27.09.2019 12:00	1.045	1.045	1.045	1.045	180
27.09.2019 16:00	1.042	1.042	1.042	1.042	60
30.09.2019 08:00	1.041	1.042	1.041	1.042	2240
30.09.2019 12:00	1.035	1.041	1.035	1.041	5170
30.09.2019 16:00	1.04	1.042	1.04	1.04	5060
01.10.2019 08:00	1.048	1.048	1.046	1.046	10270
01.10.2019 12:00	1.045	1.046	1.045	1.046	6140
01.10.2019 16:00	1.046	1.046	1.036	1.037	11020
02.10.2019 12:00	1.023	1.023	1.022	1.022	20
02.10.2019 16:00	1.02	1.02	1.009	1.009	2370
03.10.2019 08:00	1.011	1.012	1.009	1.009	3700
03.10.2019 12:00	1.01	1.01	1.005	1.008	290
03.10.2019 16:00	1.009	1.009	1.009	1.009	7020
04.10.2019 08:00	1.018	1.018	1.018	1.018	200
04.10.2019 12:00	1.018	1.018	1.013	1.016	130
07.10.2019 12:00	1.029	1.032	1.029	1.031	250
07.10.2019 16:00	1.03	1.031	1.028	1.031	440
08.10.2019 08:00	1.031	1.031	1.029	1.029	1010
08.10.2019 16:00	1.01	1.01	1.01	1.01	170
09.10.2019 08:00	1.018	1.018	1.012	1.012	1830
09.10.2019 12:00	1.022	1.023	1.022	1.023	550
09.10.2019 16:00	1.021	1.021	1.021	1.021	100
10.10.2019 08:00	1.017	1.017	1.017	1.017	30
10.10.2019 12:00	1.017	1.017	1.017	1.017	30
11.10.2019 08:00	1.034	1.035	1.033	1.033	520
11.10.2019 12:00	1.038	1.038	1.035	1.035	110
11.10.2019 16:00	1.039	1.046	1.039	1.046	610
14.10.2019 08:00	1.045	1.045	1.039	1.039	4750
14.10.2019 12:00	1.038	1.038	1.038	1.038	90
14.10.2019 16:00	1.038	1.038	1.038	1.038	60
15.10.2019 08:00	1.044	1.044	1.039	1.039	70
15.10.2019 12:00	1.04	1.043	1.04	1.042	70
15.10.2019 16:00	1.044	1.05	1.044	1.05	1190
16.10.2019 08:00	1.047	1.048	1.043	1.047	240
16.10.2019 12:00	1.046	1.046	1.046	1.046	70
16.10.2019 16:00	1.043	1.048	1.043	1.048	3220
17.10.2019 08:00	1.047	1.047	1.047	1.047	950
17.10.2019 12:00	1.048	1.049	1.048	1.049	4870
17.10.2019 16:00	1.05	1.05	1.045	1.045	100
18.10.2019 08:00	1.049	1.049	1.049	1.049	2810
18.10.2019 12:00	1.05	1.051	1.05	1.051	1440
18.10.2019 16:00	1.047	1.05	1.046	1.047	130
21.10.2019 08:00	1.049	1.05	1.049	1.05	20
21.10.2019 12:00	1.043	1.043	1.043	1.043	10
21.10.2019 16:00	1.051	1.051	1.051	1.051	250
22.10.2019 08:00	1.052	1.054	1.052	1.052	1870
22.10.2019 12:00	1.052	1.055	1.05	1.055	180
22.10.2019 16:00	1.055	1.055	1.05	1.05	3570
23.10.2019 08:00	1.048	1.048	1.043	1.043	120
23.10.2019 12:00	1.047	1.047	1.047	1.047	20
23.10.2019 16:00	1.046	1.048	1.046	1.046	90
24.10.2019 08:00	1.047	1.047	1.047	1.047	130
24.10.2019 12:00	1.048	1.048	1.048	1.048	200
24.10.2019 16:00	1.053	1.053	1.048	1.048	140
25.10.2019 08:00	1.053	1.053	1.053	1.053	100
25.10.2019 12:00	1.053	1.053	1.048	1.053	5210
25.10.2019 16:00	1.052	1.054	1.049	1.054	420
28.10.2019 08:00	1.059	1.059	1.055	1.056	120
28.10.2019 12:00	1.059	1.061	1.059	1.061	1690
28.10.2019 16:00	1.06	1.06	1.06	1.06	10
29.10.2019 08:00	1.058	1.058	1.058	1.058	110
29.10.2019 12:00	1.057	1.062	1.057	1.062	1620
29.10.2019 16:00	1.062	1.065	1.062	1.065	900
30.10.2019 08:00	1.057	1.057	1.057	1.057	50
30.10.2019 12:00	1.058	1.064	1.057	1.057	90
30.10.2019 16:00	1.057	1.057	1.057	1.057	100
31.10.2019 08:00	1.068	1.068	1.068	1.068	10
31.10.2019 12:00	1.064	1.064	1.061	1.061	200
31.10.2019 16:00	1.061	1.061	1.059	1.059	10150
01.11.2019 08:00	1.065	1.065	1.065	1.065	470
01.11.2019 12:00	1.065	1.065	1.06	1.06	650
01.11.2019 16:00	1.065	1.065	1.064	1.064	940
05.11.2019 08:00	1.078	1.08	1.078	1.08	1660
05.11.2019 12:00	1.075	1.081	1.075	1.075	3490
05.11.2019 16:00	1.074	1.077	1.074	1.077	280
06.11.2019 08:00	1.078	1.079	1.072	1.079	260
06.11.2019 12:00	1.076	1.077	1.076	1.077	3570
06.11.2019 16:00	1.077	1.077	1.073	1.077	11280
07.11.2019 08:00	1.071	1.081	1.071	1.081	160
07.11.2019 12:00	1.081	1.081	1.076	1.08	530
07.11.2019 16:00	1.08	1.081	1.08	1.081	60
08.11.2019 08:00	1.081	1.081	1.08	1.08	1500
08.11.2019 12:00	1.079	1.081	1.077	1.08	440
08.11.2019 16:00	1.08	1.085	1.08	1.085	120
11.11.2019 08:00	1.071	1.081	1.071	1.081	110
11.11.2019 12:00	1.081	1.082	1.077	1.081	11030
11.11.2019 16:00	1.08	1.08	1.08	1.08	10
12.11.2019 08:00	1.076	1.082	1.076	1.08	70
12.11.2019 12:00	1.081	1.082	1.081	1.082	70
12.11.2019 16:00	1.08	1.08	1.08	1.08	63050
13.11.2019 08:00	1.083	1.083	1.077	1.077	420
13.11.2019 12:00	1.077	1.077	1.075	1.077	180
13.11.2019 16:00	1.077	1.077	1.077	1.077	230
14.11.2019 08:00	1.082	1.083	1.078	1.083	2260
14.11.2019 12:00	1.077	1.084	1.076	1.084	7470
14.11.2019 16:00	1.08	1.084	1.08	1.084	400
15.11.2019 08:00	1.088	1.088	1.088	1.088	5310
15.11.2019 12:00	1.089	1.089	1.083	1.088	5060
15.11.2019 16:00	1.088	1.088	1.083	1.083	1750
18.11.2019 08:00	1.09	1.095	1.09	1.095	560
18.11.2019 12:00	1.088	1.094	1.088	1.088	490
18.11.2019 16:00	1.085	1.085	1.085	1.085	390
19.11.2019 08:00	1.087	1.096	1.087	1.096	4560
19.11.2019 16:00	1.096	1.096	1.092	1.092	10230
20.11.2019 08:00	1.096	1.096	1.091	1.091	20
20.11.2019 12:00	1.089	1.09	1.088	1.09	10210
20.11.2019 16:00	1.089	1.09	1.089	1.09	380
21.11.2019 08:00	1.09	1.091	1.085	1.087	1890
21.11.2019 12:00	1.083	1.084	1.083	1.084	40
21.11.2019 16:00	1.084	1.093	1.084	1.093	320
22.11.2019 08:00	1.087	1.091	1.085	1.085	300
22.11.2019 12:00	1.09	1.09	1.089	1.089	30
22.11.2019 16:00	1.089	1.09	1.087	1.087	530
25.11.2019 08:00	1.09	1.093	1.089	1.093	9510
25.11.2019 12:00	1.093	1.093	1.088	1.093	520
25.11.2019 16:00	1.093	1.093	1.093	1.093	1780
26.11.2019 08:00	1.097	1.097	1.092	1.092	20
26.11.2019 12:00	1.097	1.098	1.092	1.097	620
26.11.2019 16:00	1.098	1.099	1.093	1.099	490
27.11.2019 08:00	1.101	1.103	1.101	1.103	50
27.11.2019 12:00	1.098	1.103	1.098	1.103	120
27.11.2019 16:00	1.1	1.1	1.1	1.1	40
28.11.2019 08:00	1.104	1.104	1.101	1.102	1530
28.11.2019 12:00	1.102	1.103	1.102	1.103	2550
28.11.2019 16:00	1.103	1.103	1.103	1.103	120
29.11.2019 08:00	1.103	1.103	1.095	1.101	2480
29.11.2019 12:00	1.102	1.103	1.1	1.103	1540
29.11.2019 16:00	1.101	1.104	1.101	1.104	6350
02.12.2019 08:00	1.102	1.105	1.097	1.105	3790
02.12.2019 12:00	1.106	1.106	1.101	1.104	1840
02.12.2019 16:00	1.102	1.102	1.088	1.09	77650
03.12.2019 08:00	1.091	1.094	1.087	1.094	4160
03.12.2019 12:00	1.092	1.094	1.082	1.082	50650
03.12.2019 16:00	1.086	1.086	1.072	1.077	1200
04.12.2019 08:00	1.076	1.087	1.075	1.083	1470
04.12.2019 12:00	1.084	1.089	1.082	1.089	1780
04.12.2019 16:00	1.088	1.092	1.088	1.092	4720
05.12.2019 08:00	1.093	1.094	1.093	1.094	300
05.12.2019 12:00	1.09	1.096	1.09	1.095	15480
05.12.2019 16:00	1.092	1.092	1.09	1.09	17400
06.12.2019 08:00	1.091	1.091	1.091	1.091	10
06.12.2019 12:00	1.097	1.097	1.096	1.096	30
06.12.2019 16:00	1.1	1.1	1.095	1.096	15870
09.12.2019 08:00	1.106	1.106	1.104	1.104	230
09.12.2019 12:00	1.102	1.103	1.1	1.103	4080
09.12.2019 16:00	1.103	1.103	1.1	1.1	860
10.12.2019 08:00	1.101	1.101	1.096	1.096	1780
10.12.2019 12:00	1.096	1.103	1.092	1.092	18550
10.12.2019 16:00	1.101	1.102	1.101	1.101	20210
11.12.2019 08:00	1.099	1.1	1.099	1.1	380
11.12.2019 12:00	1.1	1.101	1.098	1.101	890
11.12.2019 16:00	1.101	1.101	1.101	1.101	10
12.12.2019 08:00	1.108	1.108	1.101	1.104	600
12.12.2019 12:00	1.104	1.104	1.1	1.103	2690
12.12.2019 16:00	1.101	1.11	1.1	1.106	3180
13.12.2019 08:00	1.118	1.118	1.111	1.116	2320
13.12.2019 12:00	1.116	1.117	1.11	1.11	23600
13.12.2019 16:00	1.114	1.115	1.111	1.113	2150
16.12.2019 08:00	1.11	1.116	1.11	1.116	860
16.12.2019 12:00	1.117	1.117	1.117	1.117	20
16.12.2019 16:00	1.118	1.122	1.118	1.122	360
17.12.2019 08:00	1.123	1.124	1.114	1.12	310
17.12.2019 12:00	1.12	1.12	1.114	1.114	1060
17.12.2019 16:00	1.121	1.121	1.12	1.121	13500
18.12.2019 08:00	1.117	1.12	1.115	1.12	90
18.12.2019 12:00	1.119	1.12	1.116	1.12	870
18.12.2019 16:00	1.12	1.12	1.12	1.12	810
19.12.2019 08:00	1.118	1.118	1.116	1.118	220
19.12.2019 12:00	1.12	1.12	1.115	1.116	4630
19.12.2019 16:00	1.116	1.12	1.114	1.114	18930
20.12.2019 08:00	1.12	1.125	1.12	1.125	7130
20.12.2019 12:00	1.124	1.124	1.119	1.122	6870
20.12.2019 16:00	1.122	1.124	1.122	1.123	8200
23.12.2019 08:00	1.125	1.135	1.125	1.125	1890
23.12.2019 12:00	1.131	1.131	1.125	1.13	2370
23.12.2019 16:00	1.13	1.13	1.129	1.129	4360
24.12.2019 08:00	1.133	1.133	1.128	1.128	7160
24.12.2019 12:00	1.127	1.131	1.126	1.13	1500
24.12.2019 16:00	1.13	1.131	1.128	1.128	550
25.12.2019 08:00	1.132	1.132	1.13	1.13	1570
25.12.2019 12:00	1.133	1.133	1.133	1.133	490
25.12.2019 16:00	1.133	1.133	1.124	1.133	6580
26.12.2019 08:00	1.126	1.133	1.125	1.133	11900
26.12.2019 12:00	1.133	1.133	1.133	1.133	980
26.12.2019 16:00	1.133	1.133	1.133	1.133	230
27.12.2019 08:00	1.14	1.14	1.125	1.138	1580
27.12.2019 12:00	1.137	1.14	1.134	1.136	36130
27.12.2019 16:00	1.14	1.14	1.138	1.138	3100
30.12.2019 08:00	1.135	1.138	1.135	1.138	16850
30.12.2019 12:00	1.137	1.137	1.136	1.137	1580
30.12.2019 16:00	1.137	1.138	1.13	1.13	1080
03.01.2020 08:00	1.143	1.143	1.13	1.136	8990
03.01.2020 12:00	1.135	1.135	1.13	1.134	9250
03.01.2020 16:00	1.127	1.134	1.127	1.134	9670
06.01.2020 08:00	1.135	1.136	1.124	1.124	2390
06.01.2020 12:00	1.124	1.124	1.121	1.124	5010
06.01.2020 16:00	1.131	1.134	1.131	1.134	30
08.01.2020 08:00	1.136	1.136	1.13	1.134	920
08.01.2020 12:00	1.134	1.135	1.134	1.135	130
08.01.2020 16:00	1.132	1.137	1.132	1.137	2730
09.01.2020 08:00	1.14	1.15	1.136	1.15	36690
09.01.2020 12:00	1.144	1.144	1.141	1.144	6690
09.01.2020 16:00	1.14	1.144	1.138	1.144	2770
10.01.2020 08:00	1.153	1.153	1.15	1.15	1000
10.01.2020 12:00	1.15	1.15	1.146	1.15	6530
10.01.2020 16:00	1.15	1.15	1.144	1.145	13240
13.01.2020 08:00	1.139	1.147	1.139	1.147	1780
13.01.2020 12:00	1.147	1.147	1.142	1.147	8930
13.01.2020 16:00	1.147	1.147	1.144	1.147	350
14.01.2020 08:00	1.145	1.155	1.145	1.149	2880
14.01.2020 12:00	1.149	1.152	1.146	1.152	19770
14.01.2020 16:00	1.152	1.153	1.149	1.151	7670
15.01.2020 08:00	1.154	1.154	1.15	1.151	4300
15.01.2020 12:00	1.15	1.152	1.146	1.152	1150
15.01.2020 16:00	1.152	1.155	1.146	1.153	8370
16.01.2020 08:00	1.156	1.158	1.149	1.158	7120
16.01.2020 12:00	1.158	1.158	1.151	1.158	2120
16.01.2020 16:00	1.159	1.159	1.156	1.159	3060
17.01.2020 08:00	1.164	1.165	1.16	1.165	1130
17.01.2020 12:00	1.159	1.166	1.159	1.165	3040
17.01.2020 16:00	1.165	1.166	1.162	1.163	21950
20.01.2020 08:00	1.159	1.167	1.159	1.164	3170
20.01.2020 12:00	1.164	1.165	1.163	1.165	890
20.01.2020 16:00	1.162	1.165	1.162	1.165	25770
21.01.2020 08:00	1.163	1.165	1.158	1.161	24070
21.01.2020 12:00	1.161	1.161	1.159	1.161	3170
21.01.2020 16:00	1.157	1.162	1.156	1.16	170
22.01.2020 08:00	1.17	1.17	1.168	1.168	970
22.01.2020 12:00	1.168	1.168	1.162	1.162	2330
22.01.2020 16:00	1.168	1.168	1.165	1.165	7120
23.01.2020 08:00	1.156	1.169	1.156	1.162	5740
23.01.2020 12:00	1.163	1.164	1.162	1.162	3350
23.01.2020 16:00	1.162	1.162	1.156	1.161	320
24.01.2020 08:00	1.164	1.164	1.156	1.164	670
24.01.2020 12:00	1.164	1.169	1.164	1.169	21450
24.01.2020 16:00	1.169	1.169	1.164	1.164	3430
27.01.2020 08:00	1.148	1.156	1.14	1.144	25540
27.01.2020 12:00	1.144	1.144	1.13	1.134	34450
27.01.2020 16:00	1.131	1.14	1.131	1.132	12800
28.01.2020 08:00	1.146	1.146	1.135	1.135	2240
28.01.2020 12:00	1.138	1.14	1.138	1.14	160
28.01.2020 16:00	1.143	1.143	1.139	1.14	950
29.01.2020 08:00	1.152	1.152	1.142	1.152	38920
29.01.2020 12:00	1.15	1.152	1.147	1.149	2560
29.01.2020 16:00	1.15	1.152	1.146	1.149	15860
30.01.2020 08:00	1.143	1.148	1.137	1.137	8010
30.01.2020 12:00	1.135	1.139	1.131	1.131	3250
30.01.2020 16:00	1.137	1.14	1.133	1.139	610
31.01.2020 08:00	1.141	1.15	1.135	1.148	450
31.01.2020 12:00	1.148	1.148	1.138	1.147	7250
31.01.2020 16:00	1.139	1.146	1.134	1.138	11610
03.02.2020 08:00	1.124	1.134	1.124	1.13	3210
03.02.2020 12:00	1.129	1.135	1.128	1.135	3320
03.02.2020 16:00	1.136	1.14	1.136	1.14	30
04.02.2020 08:00	1.135	1.146	1.133	1.145	16100
04.02.2020 12:00	1.145	1.145	1.144	1.145	6310
04.02.2020 16:00	1.145	1.152	1.144	1.146	3260
05.02.2020 08:00	1.157	1.16	1.142	1.159	11030
05.02.2020 12:00	1.161	1.164	1.158	1.162	9600
05.02.2020 16:00	1.163	1.163	1.157	1.157	4260
06.02.2020 08:00	1.175	1.175	1.17	1.17	19090
06.02.2020 12:00	1.171	1.171	1.165	1.17	8890
06.02.2020 16:00	1.169	1.171	1.161	1.161	1850
07.02.2020 08:00	1.168	1.169	1.161	1.169	1510
07.02.2020 12:00	1.168	1.168	1.162	1.165	7980
07.02.2020 16:00	1.167	1.168	1.16	1.162	3020
10.02.2020 08:00	1.168	1.168	1.155	1.155	560
10.02.2020 12:00	1.163	1.164	1.157	1.163	1160
10.02.2020 16:00	1.155	1.166	1.155	1.166	590
11.02.2020 08:00	1.176	1.176	1.164	1.174	1140
11.02.2020 12:00	1.173	1.176	1.17	1.176	2360
11.02.2020 16:00	1.176	1.179	1.171	1.179	370
12.02.2020 08:00	1.174	1.179	1.164	1.179	9700
12.02.2020 12:00	1.178	1.179	1.177	1.178	5090
12.02.2020 16:00	1.178	1.179	1.172	1.179	2020
13.02.2020 08:00	1.169	1.179	1.169	1.179	3860
13.02.2020 12:00	1.171	1.178	1.171	1.172	940
13.02.2020 16:00	1.172	1.175	1.172	1.175	8970
14.02.2020 08:00	1.19	1.19	1.172	1.182	5040
14.02.2020 12:00	1.181	1.183	1.176	1.178	52790
14.02.2020 16:00	1.183	1.183	1.177	1.177	340
17.02.2020 08:00	1.178	1.186	1.175	1.184	5250
17.02.2020 12:00	1.184	1.185	1.18	1.183	13290
17.02.2020 16:00	1.179	1.184	1.178	1.183	5890
18.02.2020 08:00	1.181	1.183	1.178	1.178	11150
18.02.2020 12:00	1.175	1.178	1.172	1.175	3680
18.02.2020 16:00	1.175	1.179	1.172	1.175	2360
19.02.2020 08:00	1.178	1.181	1.169	1.181	1960
19.02.2020 12:00	1.178	1.181	1.178	1.181	5000
19.02.2020 16:00	1.179	1.184	1.175	1.183	7640
20.02.2020 08:00	1.188	1.189	1.183	1.183	2520
20.02.2020 12:00	1.183	1.184	1.178	1.18	670
20.02.2020 16:00	1.182	1.184	1.178	1.184	1850
21.02.2020 08:00	1.172	1.175	1.164	1.174	4550
21.02.2020 12:00	1.173	1.173	1.167	1.172	1500
21.02.2020 16:00	1.172	1.172	1.164	1.165	6920
25.02.2020 08:00	1.124	1.138	1.124	1.135	4320
25.02.2020 12:00	1.131	1.133	1.124	1.133	11620
25.02.2020 16:00	1.13	1.13	1.116	1.116	5770
26.02.2020 08:00	1.081	1.101	1.081	1.09	10270
26.02.2020 12:00	1.088	1.097	1.08	1.095	22930
26.02.2020 16:00	1.095	1.111	1.095	1.109	101050
27.02.2020 08:00	1.075	1.09	1.061	1.081	33790
27.02.2020 12:00	1.08	1.085	1.07	1.07	10640
27.02.2020 16:00	1.073	1.074	1.058	1.058	5630
28.02.2020 08:00	1.022	1.029	1.004	1.015	31620
28.02.2020 12:00	1.023	1.036	1.011	1.032	34920
28.02.2020 16:00	1.033	1.033	1.0	1.011	12420
02.03.2020 08:00	1.06	1.075	1.036	1.069	141050
02.03.2020 12:00	1.053	1.054	1.019	1.023	73440
02.03.2020 16:00	1.023	1.039	1.017	1.032	27140
03.03.2020 08:00	1.059	1.086	1.059	1.082	14910
03.03.2020 12:00	1.077	1.087	1.07	1.07	28100
03.03.2020 16:00	1.068	1.096	1.066	1.091	62090
04.03.2020 08:00	1.066	1.07	1.051	1.07	10610
04.03.2020 12:00	1.07	1.077	1.067	1.076	2120
04.03.2020 16:00	1.07	1.076	1.063	1.069	3130
05.03.2020 08:00	1.075	1.096	1.069	1.072	18870
05.03.2020 12:00	1.071	1.072	1.065	1.065	26770
05.03.2020 16:00	1.068	1.073	1.06	1.07	3420
06.03.2020 08:00	1.063	1.064	1.037	1.045	84450
06.03.2020 12:00	1.039	1.045	1.022	1.031	17120
06.03.2020 16:00	1.02	1.033	1.019	1.032	11070
10.03.2020 08:00	1.02	1.047	0.979	0.999	18850
10.03.2020 12:00	1.0	1.009	0.99	0.99	25160
10.03.2020 16:00	0.995	0.997	0.958	0.958	7720
11.03.2020 08:00	0.975	0.986	0.965	0.986	4590
11.03.2020 12:00	0.984	0.984	0.967	0.968	13210
11.03.2020 16:00	0.972	0.98	0.96	0.969	3850
12.03.2020 08:00	0.906	0.955	0.906	0.913	8380
12.03.2020 12:00	0.913	0.915	0.894	0.894	16940
12.03.2020 16:00	0.895	0.9	0.854	0.884	27900
13.03.2020 08:00	0.868	0.904	0.868	0.891	32710
13.03.2020 12:00	0.894	0.919	0.894	0.917	12330
13.03.2020 16:00	0.913	0.92	0.872	0.874	123610
16.03.2020 08:00	0.885	0.904	0.84	0.848	122810
16.03.2020 12:00	0.854	0.855	0.835	0.835	1440
16.03.2020 16:00	0.831	0.9	0.819	0.898	48990
17.03.2020 08:00	0.879	0.901	0.86	0.86	12800
17.03.2020 12:00	0.856	0.862	0.836	0.854	4840
17.03.2020 16:00	0.851	0.891	0.828	0.87	19700
18.03.2020 08:00	0.853	0.865	0.83	0.83	42520
18.03.2020 12:00	0.833	0.836	0.819	0.825	17210
18.03.2020 16:00	0.827	0.844	0.827	0.83	150
19.03.2020 08:00	0.84	0.844	0.826	0.842	8740
19.03.2020 12:00	0.841	0.841	0.818	0.83	2530
19.03.2020 16:00	0.83	0.856	0.81	0.856	20260
20.03.2020 08:00	0.87	0.873	0.84	0.857	9540
20.03.2020 12:00	0.864	0.875	0.845	0.846	20880
20.03.2020 16:00	0.846	0.849	0.829	0.831	25180
23.03.2020 08:00	0.787	0.799	0.765	0.772	12970
23.03.2020 12:00	0.776	0.833	0.755	0.822	28000
23.03.2020 16:00	0.818	0.82	0.767	0.773	8720
24.03.2020 08:00	0.839	0.839	0.808	0.812	4110
24.03.2020 12:00	0.815	0.823	0.807	0.818	9860
24.03.2020 16:00	0.815	0.835	0.815	0.835	27920
25.03.2020 08:00	0.856	0.868	0.846	0.868	27000
25.03.2020 12:00	0.868	0.873	0.836	0.842	64140
25.03.2020 16:00	0.849	0.866	0.837	0.859	6070
26.03.2020 08:00	0.857	0.861	0.841	0.846	25910
26.03.2020 12:00	0.848	0.859	0.84	0.85	42780
26.03.2020 16:00	0.851	0.9	0.851	0.9	80240
27.03.2020 08:00	0.897	0.906	0.891	0.894	5970
27.03.2020 12:00	0.894	0.895	0.882	0.889	860
27.03.2020 16:00	0.881	0.887	0.871	0.887	13560
30.03.2020 08:00	0.889	0.889	0.866	0.871	1780
30.03.2020 12:00	0.879	0.89	0.878	0.89	5680
30.03.2020 16:00	0.891	0.9	0.881	0.9	23980
31.03.2020 08:00	0.912	0.922	0.907	0.92	11690
31.03.2020 12:00	0.912	0.92	0.899	0.899	3990
31.03.2020 16:00	0.904	0.915	0.902	0.914	23610
01.04.2020 08:00	0.88	0.88	0.866	0.871	1720
01.04.2020 12:00	0.872	0.875	0.865	0.867	1850
01.04.2020 16:00	0.861	0.875	0.86	0.871	4830
02.04.2020 08:00	0.872	0.873	0.869	0.87	12360
02.04.2020 12:00	0.87	0.871	0.855	0.855	4010
02.04.2020 16:00	0.852	0.878	0.848	0.868	9220
03.04.2020 08:00	0.873	0.874	0.861	0.87	2440
03.04.2020 12:00	0.864	0.877	0.862	0.876	2600
03.04.2020 16:00	0.879	0.879	0.864	0.865	480
06.04.2020 08:00	0.88	0.904	0.88	0.899	26730
06.04.2020 12:00	0.9	0.903	0.894	0.894	4230
06.04.2020 16:00	0.9	0.91	0.895	0.907	2200
07.04.2020 08:00	0.926	0.949	0.926	0.945	25660
07.04.2020 12:00	0.944	1.0	0.942	0.954	167810
07.04.2020 16:00	0.949	0.965	0.94	0.953	248760
08.04.2020 08:00	0.931	0.94	0.917	0.919	49280
08.04.2020 12:00	0.924	0.934	0.919	0.934	1830
08.04.2020 16:00	0.935	0.95	0.928	0.95	3350
09.04.2020 08:00	0.96	0.968	0.956	0.957	9560
09.04.2020 12:00	0.956	0.961	0.942	0.961	2550
09.04.2020 16:00	0.961	0.977	0.961	0.966	9610
10.04.2020 08:00	0.96	0.978	0.96	0.977	3730
10.04.2020 12:00	0.977	0.978	0.966	0.97	1390
10.04.2020 16:00	0.966	0.978	0.966	0.977	4810
13.04.2020 08:00	0.961	0.969	0.945	0.96	19500
13.04.2020 12:00	0.964	0.965	0.951	0.965	37050
13.04.2020 16:00	0.965	0.967	0.95	0.951	2230
14.04.2020 08:00	0.964	0.978	0.964	0.968	15330
14.04.2020 12:00	0.978	0.978	0.969	0.972	1480
14.04.2020 16:00	0.979	0.989	0.978	0.982	22060
15.04.2020 08:00	0.977	0.988	0.97	0.975	5170
15.04.2020 12:00	0.977	0.977	0.964	0.964	4000
15.04.2020 16:00	0.962	0.966	0.956	0.96	22650
16.04.2020 08:00	0.96	0.978	0.96	0.975	4330
16.04.2020 12:00	0.976	0.977	0.967	0.972	5570
16.04.2020 16:00	0.973	0.975	0.96	0.972	4260
17.04.2020 08:00	1.0	1.003	0.99	0.997	12950
17.04.2020 12:00	0.997	1.004	0.995	0.995	4930
17.04.2020 16:00	0.997	0.997	0.985	0.988	14550
20.04.2020 08:00	0.978	0.996	0.978	0.994	5770
20.04.2020 12:00	0.992	0.994	0.976	0.983	5430
20.04.2020 16:00	0.979	0.994	0.979	0.993	1750
21.04.2020 08:00	0.967	0.976	0.967	0.968	3920
21.04.2020 12:00	0.973	0.973	0.959	0.961	16000
21.04.2020 16:00	0.956	0.963	0.946	0.95	14560
22.04.2020 08:00	0.951	0.966	0.951	0.965	2510
22.04.2020 12:00	0.967	0.967	0.961	0.965	2040
22.04.2020 16:00	0.969	0.97	0.962	0.97	5550
23.04.2020 08:00	0.978	0.979	0.967	0.967	5080
23.04.2020 12:00	0.97	0.975	0.968	0.975	3070
23.04.2020 16:00	0.978	0.988	0.974	0.985	2240
24.04.2020 08:00	0.966	0.98	0.948	0.963	2370
24.04.2020 12:00	0.971	0.977	0.97	0.973	2830
24.04.2020 16:00	0.976	0.976	0.97	0.972	2620
27.04.2020 08:00	0.981	0.995	0.981	0.995	3880
27.04.2020 12:00	0.995	0.997	0.989	0.997	9680
27.04.2020 16:00	0.997	0.998	0.99	0.995	3990
28.04.2020 08:00	0.994	1.005	0.993	1.003	7290
28.04.2020 12:00	1.004	1.013	1.002	1.011	4990
28.04.2020 16:00	1.014	1.014	0.997	1.0	2410
29.04.2020 08:00	1.015	1.015	1.002	1.004	8080
29.04.2020 12:00	1.007	1.015	1.005	1.015	57810
29.04.2020 16:00	1.015	1.021	1.009	1.019	5590
30.04.2020 08:00	1.025	1.028	1.02	1.025	338350
30.04.2020 12:00	1.024	1.026	1.009	1.009	30040
30.04.2020 16:00	1.011	1.014	1.007	1.014	9780
04.05.2020 08:00	0.975	0.985	0.972	0.976	9320
04.05.2020 12:00	0.976	0.979	0.97	0.979	3000
04.05.2020 16:00	0.977	0.981	0.974	0.979	1080
05.05.2020 08:00	0.989	0.999	0.984	0.989	4630
05.05.2020 12:00	0.989	0.998	0.989	0.998	3800
05.05.2020 16:00	0.998	1.005	0.996	1.0	3350
06.05.2020 08:00	1.003	1.003	0.996	1.002	300
06.05.2020 12:00	0.999	1.005	0.998	0.999	6190
06.05.2020 16:00	1.0	1.003	0.994	0.997	12070
07.05.2020 08:00	0.99	1.0	0.99	1.0	3800
07.05.2020 12:00	1.0	1.005	0.999	1.002	1770
07.05.2020 16:00	1.002	1.005	1.0	1.005	2730
08.05.2020 08:00	1.015	1.016	1.008	1.013	1580
08.05.2020 12:00	1.015	1.017	1.011	1.017	12230
08.05.2020 16:00	1.012	1.016	1.01	1.012	4190
12.05.2020 08:00	1.011	1.018	1.011	1.017	2960
12.05.2020 12:00	1.015	1.024	1.012	1.024	10140
12.05.2020 16:00	1.024	1.025	1.012	1.018	4600
13.05.2020 08:00	1.007	1.007	0.992	0.993	1640
13.05.2020 12:00	0.993	1.002	0.993	0.999	4820
13.05.2020 16:00	1.0	1.0	0.988	0.989	3060
14.05.2020 08:00	0.971	0.983	0.971	0.979	3010
14.05.2020 12:00	0.979	0.981	0.965	0.965	2180
14.05.2020 16:00	0.971	0.98	0.963	0.971	1040
15.05.2020 08:00	0.971	0.997	0.971	0.992	3490
15.05.2020 12:00	0.996	0.997	0.979	0.983	4860
15.05.2020 16:00	0.982	0.988	0.98	0.985	500
18.05.2020 08:00	1.005	1.01	0.989	1.006	4150
18.05.2020 12:00	1.009	1.02	1.006	1.019	19930
18.05.2020 16:00	1.017	1.028	1.017	1.025	5150
19.05.2020 08:00	1.033	1.033	1.02	1.02	2550
19.05.2020 12:00	1.024	1.025	1.022	1.023	2280
19.05.2020 16:00	1.024	1.029	1.022	1.025	12170
20.05.2020 08:00	1.024	1.028	1.02	1.026	650
20.05.2020 12:00	1.028	1.031	1.026	1.03	5920
20.05.2020 16:00	1.03	1.033	1.029	1.033	2960
21.05.2020 08:00	1.024	1.028	1.021	1.027	3130
21.05.2020 12:00	1.028	1.029	1.023	1.029	3640
21.05.2020 16:00	1.031	1.034	1.021	1.021	2830
22.05.2020 08:00	1.014	1.014	1.011	1.013	390
22.05.2020 12:00	1.014	1.021	1.014	1.021	4600
22.05.2020 16:00	1.021	1.024	1.016	1.02	470
25.05.2020 08:00	1.033	1.038	1.027	1.038	3300
25.05.2020 12:00	1.039	1.039	1.035	1.037	1130
25.05.2020 16:00	1.039	1.042	1.038	1.042	2920
26.05.2020 08:00	1.044	1.046	1.041	1.044	1620
26.05.2020 12:00	1.044	1.05	1.043	1.05	11330
26.05.2020 16:00	1.051	1.051	1.044	1.044	9280
27.05.2020 08:00	1.047	1.052	1.045	1.052	3960
27.05.2020 12:00	1.048	1.057	1.048	1.05	13040
27.05.2020 16:00	1.047	1.049	1.028	1.037	14570
28.05.2020 08:00	1.053	1.061	1.053	1.055	4520
28.05.2020 12:00	1.057	1.061	1.053	1.06	17860
28.05.2020 16:00	1.06	1.063	1.054	1.063	1600
29.05.2020 08:00	1.055	1.055	1.048	1.052	1700
29.05.2020 12:00	1.052	1.055	1.052	1.054	3550
29.05.2020 16:00	1.054	1.054	1.046	1.049	1870
01.06.2020 08:00	1.049	1.063	1.049	1.057	2120
01.06.2020 12:00	1.056	1.056	1.044	1.056	5390
01.06.2020 16:00	1.055	1.057	1.044	1.056	3070
02.06.2020 08:00	1.05	1.07	1.05	1.069	6980
02.06.2020 12:00	1.069	1.073	1.065	1.068	6930
02.06.2020 16:00	1.068	1.068	1.061	1.062	1540
03.06.2020 08:00	1.079	1.08	1.072	1.077	43530
03.06.2020 12:00	1.075	1.08	1.071	1.079	9050
03.06.2020 16:00	1.079	1.086	1.076	1.08	47670
04.06.2020 08:00	1.081	1.084	1.08	1.083	18010
04.06.2020 12:00	1.083	1.084	1.076	1.081	12300
04.06.2020 16:00	1.084	1.088	1.083	1.085	1030
05.06.2020 08:00	1.093	1.096	1.086	1.095	13750
05.06.2020 12:00	1.093	1.099	1.089	1.099	11500
05.06.2020 16:00	1.099	1.115	1.099	1.115	14380
08.06.2020 08:00	1.088	1.131	1.088	1.115	12260
08.06.2020 12:00	1.115	1.118	1.108	1.114	41200
08.06.2020 16:00	1.115	1.115	1.11	1.111	4340
09.06.2020 08:00	1.117	1.121	1.105	1.109	42000
09.06.2020 12:00	1.11	1.114	1.106	1.11	3870
09.06.2020 16:00	1.109	1.115	1.105	1.111	8770
10.06.2020 08:00	1.122	1.123	1.115	1.118	30120
10.06.2020 12:00	1.117	1.12	1.111	1.12	21840
10.06.2020 16:00	1.12	1.12	1.102	1.105	28890
11.06.2020 08:00	1.095	1.095	1.081	1.081	13830
11.06.2020 12:00	1.086	1.095	1.076	1.076	36330
11.06.2020 16:00	1.08	1.086	1.069	1.071	16210
15.06.2020 08:00	1.04	1.04	1.017	1.034	13590
15.06.2020 12:00	1.034	1.041	1.033	1.038	9030
15.06.2020 16:00	1.038	1.051	1.034	1.049	7100
16.06.2020 08:00	1.089	1.089	1.073	1.082	6840
16.06.2020 12:00	1.082	1.1	1.081	1.1	8990
16.06.2020 16:00	1.1	1.1	1.074	1.089	14350
17.06.2020 08:00	1.096	1.102	1.091	1.091	3950
17.06.2020 12:00	1.097	1.097	1.09	1.095	1310
17.06.2020 16:00	1.091	1.092	1.08	1.086	2780
18.06.2020 08:00	1.088	1.089	1.076	1.088	10690
18.06.2020 12:00	1.087	1.087	1.07	1.075	4420
18.06.2020 16:00	1.075	1.084	1.075	1.078	2030
19.06.2020 08:00	1.085	1.09	1.081	1.09	3560
19.06.2020 12:00	1.09	1.096	1.085	1.092	5300
19.06.2020 16:00	1.095	1.095	1.086	1.086	5970
22.06.2020 08:00	1.077	1.08	1.07	1.08	1150
22.06.2020 12:00	1.08	1.081	1.07	1.075	1390
22.06.2020 16:00	1.074	1.082	1.07	1.076	2360
23.06.2020 08:00	1.082	1.095	1.082	1.09	4340
23.06.2020 12:00	1.088	1.099	1.087	1.092	3010
23.06.2020 16:00	1.093	1.094	1.089	1.094	5180
25.06.2020 08:00	1.034	1.076	1.034	1.061	14960
25.06.2020 12:00	1.062	1.066	1.055	1.057	5080
25.06.2020 16:00	1.055	1.065	1.052	1.059	8040
26.06.2020 08:00	1.069	1.072	1.063	1.069	17220
26.06.2020 12:00	1.07	1.075	1.066	1.068	9970
26.06.2020 16:00	1.068	1.07	1.05	1.057	14430
29.06.2020 08:00	1.042	1.052	1.042	1.049	10240
29.06.2020 12:00	1.052	1.054	1.049	1.054	14220
29.06.2020 16:00	1.053	1.06	1.044	1.051	7100
30.06.2020 08:00	1.058	1.064	1.055	1.057	2930
30.06.2020 12:00	1.059	1.067	1.055	1.055	10980
30.06.2020 16:00	1.056	1.072	1.056	1.066	4860
02.07.2020 08:00	1.105	1.105	1.081	1.089	5350
02.07.2020 12:00	1.086	1.095	1.084	1.095	22000
02.07.2020 16:00	1.095	1.098	1.089	1.094	19280
03.07.2020 08:00	1.097	1.097	1.09	1.09	3560
03.07.2020 12:00	1.09	1.092	1.086	1.087	16300
03.07.2020 16:00	1.087	1.087	1.078	1.081	11290
06.07.2020 08:00	1.122	1.122	1.093	1.102	19160
06.07.2020 12:00	1.1	1.105	1.097	1.105	18080
06.07.2020 16:00	1.105	1.105	1.098	1.1	6300
07.07.2020 08:00	1.103	1.103	1.096	1.099	6610
07.07.2020 12:00	1.098	1.099	1.091	1.099	6590
07.07.2020 16:00	1.099	1.106	1.095	1.106	5840
08.07.2020 08:00	1.095	1.112	1.089	1.096	16160
08.07.2020 12:00	1.098	1.098	1.091	1.098	9750
08.07.2020 16:00	1.093	1.1	1.09	1.094	3820
09.07.2020 08:00	1.104	1.105	1.095	1.1	16950
09.07.2020 12:00	1.098	1.108	1.096	1.107	23560
09.07.2020 16:00	1.104	1.106	1.08	1.082	7710
10.07.2020 08:00	1.085	1.094	1.085	1.091	10860
10.07.2020 12:00	1.09	1.097	1.088	1.097	6690
10.07.2020 16:00	1.096	1.101	1.092	1.101	4850
13.07.2020 08:00	1.132	1.132	1.102	1.11	14720
13.07.2020 12:00	1.11	1.118	1.109	1.117	9260
13.07.2020 16:00	1.117	1.123	1.115	1.12	5250
14.07.2020 08:00	1.093	1.105	1.09	1.1	23120
14.07.2020 12:00	1.103	1.104	1.094	1.098	12240
14.07.2020 16:00	1.097	1.102	1.088	1.102	19400
15.07.2020 08:00	1.13	1.13	1.112	1.118	7190
15.07.2020 12:00	1.117	1.127	1.115	1.127	23710
15.07.2020 16:00	1.127	1.127	1.117	1.12	17780
16.07.2020 08:00	1.111	1.118	1.108	1.114	15760
16.07.2020 12:00	1.114	1.117	1.11	1.115	3520
16.07.2020 16:00	1.115	1.118	1.113	1.115	5560
17.07.2020 08:00	1.136	1.136	1.114	1.118	5710
17.07.2020 12:00	1.118	1.122	1.115	1.121	23290
17.07.2020 16:00	1.121	1.122	1.114	1.119	7710
20.07.2020 08:00	1.115	1.121	1.109	1.119	28970
20.07.2020 12:00	1.118	1.122	1.116	1.12	11640
20.07.2020 16:00	1.12	1.126	1.118	1.125	3640
21.07.2020 08:00	1.14	1.142	1.124	1.14	49380
21.07.2020 12:00	1.14	1.141	1.134	1.139	11700
21.07.2020 16:00	1.139	1.139	1.134	1.138	4200
22.07.2020 08:00	1.131	1.143	1.127	1.127	21440
22.07.2020 12:00	1.129	1.134	1.125	1.133	8240
22.07.2020 16:00	1.133	1.134	1.13	1.134	2100
23.07.2020 08:00	1.134	1.146	1.133	1.144	9190
23.07.2020 12:00	1.141	1.145	1.138	1.14	27560
23.07.2020 16:00	1.138	1.141	1.135	1.141	2800
24.07.2020 08:00	1.122	1.127	1.115	1.119	17980
24.07.2020 12:00	1.121	1.124	1.116	1.122	42200
24.07.2020 16:00	1.121	1.122	1.112	1.12	9750
27.07.2020 08:00	1.128	1.128	1.114	1.117	8910
27.07.2020 12:00	1.121	1.125	1.118	1.121	7130
27.07.2020 16:00	1.121	1.127	1.117	1.12	7340
28.07.2020 08:00	1.125	1.129	1.114	1.128	4640
28.07.2020 12:00	1.127	1.128	1.119	1.123	14740
28.07.2020 16:00	1.124	1.125	1.118	1.124	7540
29.07.2020 08:00	1.126	1.126	1.116	1.122	5200
29.07.2020 12:00	1.122	1.123	1.116	1.123	13300
29.07.2020 16:00	1.122	1.126	1.12	1.126	9680
30.07.2020 08:00	1.123	1.13	1.12	1.122	15820
30.07.2020 12:00	1.122	1.125	1.117	1.118	75680
30.07.2020 16:00	1.118	1.124	1.111	1.123	19980
31.07.2020 08:00	1.129	1.143	1.129	1.134	13910
31.07.2020 12:00	1.134	1.135	1.128	1.135	8640
31.07.2020 16:00	1.135	1.135	1.119	1.127	33970
03.08.2020 08:00	1.121	1.138	1.121	1.135	8390
03.08.2020 12:00	1.136	1.144	1.133	1.142	11440
03.08.2020 16:00	1.142	1.143	1.139	1.14	9470
04.08.2020 08:00	1.151	1.151	1.139	1.143	6200
04.08.2020 12:00	1.144	1.144	1.14	1.141	28290
04.08.2020 16:00	1.141	1.149	1.139	1.144	6580
05.08.2020 08:00	1.165	1.165	1.15	1.157	13850
05.08.2020 12:00	1.155	1.158	1.151	1.156	18910
05.08.2020 16:00	1.157	1.159	1.151	1.154	15420
06.08.2020 08:00	1.155	1.16	1.15	1.156	21460
06.08.2020 12:00	1.156	1.158	1.148	1.154	58130
06.08.2020 16:00	1.155	1.159	1.15	1.156	7620
07.08.2020 08:00	1.16	1.164	1.156	1.161	7470
07.08.2020 12:00	1.162	1.165	1.154	1.161	19340
07.08.2020 16:00	1.161	1.165	1.157	1.163	5630
10.08.2020 08:00	1.163	1.171	1.163	1.165	54390
10.08.2020 12:00	1.168	1.168	1.163	1.163	11860
10.08.2020 16:00	1.165	1.168	1.154	1.164	19180
11.08.2020 08:00	1.164	1.176	1.164	1.176	15230
11.08.2020 12:00	1.177	1.177	1.171	1.172	22190
11.08.2020 16:00	1.172	1.174	1.165	1.174	35080
12.08.2020 08:00	1.167	1.168	1.154	1.168	24310
12.08.2020 12:00	1.168	1.17	1.165	1.168	17150
12.08.2020 16:00	1.169	1.173	1.166	1.173	10580
13.08.2020 08:00	1.173	1.173	1.167	1.171	14630
13.08.2020 12:00	1.173	1.175	1.17	1.174	15400
13.08.2020 16:00	1.174	1.177	1.17	1.175	10550
14.08.2020 08:00	1.175	1.175	1.161	1.167	13330
14.08.2020 12:00	1.165	1.172	1.16	1.17	11750
14.08.2020 16:00	1.169	1.173	1.166	1.172	2730
17.08.2020 08:00	1.175	1.175	1.169	1.175	29550
17.08.2020 12:00	1.174	1.175	1.168	1.172	12380
17.08.2020 16:00	1.172	1.177	1.17	1.175	7020
18.08.2020 08:00	1.178	1.178	1.169	1.177	8340
18.08.2020 12:00	1.177	1.18	1.174	1.178	33280
18.08.2020 16:00	1.179	1.18	1.17	1.177	29340
19.08.2020 08:00	1.178	1.184	1.174	1.179	5300
19.08.2020 12:00	1.179	1.185	1.176	1.179	27120
19.08.2020 16:00	1.179	1.184	1.178	1.179	9240
20.08.2020 08:00	1.187	1.187	1.162	1.168	51150
20.08.2020 12:00	1.168	1.172	1.164	1.169	10370
20.08.2020 16:00	1.169	1.174	1.165	1.171	6130
21.08.2020 08:00	1.18	1.18	1.172	1.176	6170
21.08.2020 12:00	1.176	1.177	1.168	1.172	33410
21.08.2020 16:00	1.168	1.177	1.166	1.171	12400
24.08.2020 08:00	1.189	1.189	1.174	1.188	9900
24.08.2020 12:00	1.188	1.19	1.186	1.189	11940
24.08.2020 16:00	1.19	1.19	1.185	1.187	10390
25.08.2020 08:00	1.191	1.2	1.191	1.196	30770
25.08.2020 12:00	1.197	1.198	1.194	1.196	9510
25.08.2020 16:00	1.198	1.198	1.189	1.192	15560
26.08.2020 08:00	1.196	1.199	1.191	1.198	16050
26.08.2020 12:00	1.198	1.199	1.191	1.199	7250
26.08.2020 16:00	1.198	1.2	1.194	1.196	4720
27.08.2020 08:00	1.201	1.208	1.2	1.204	8180
27.08.2020 12:00	1.206	1.21	1.202	1.208	11690
27.08.2020 16:00	1.207	1.215	1.204	1.215	12620
28.08.2020 08:00	1.226	1.226	1.208	1.21	11550
28.08.2020 12:00	1.215	1.217	1.21	1.215	8870
28.08.2020 16:00	1.215	1.216	1.205	1.215	39780
31.08.2020 08:00	1.221	1.226	1.202	1.219	23550
31.08.2020 12:00	1.219	1.22	1.216	1.216	22760
31.08.2020 16:00	1.216	1.22	1.211	1.211	10360
01.09.2020 08:00	1.214	1.223	1.212	1.22	17230
01.09.2020 12:00	1.219	1.222	1.217	1.219	10940
01.09.2020 16:00	1.218	1.221	1.213	1.22	12040
02.09.2020 08:00	1.221	1.235	1.221	1.234	16160
02.09.2020 12:00	1.235	1.237	1.229	1.233	12860
02.09.2020 16:00	1.23	1.3	1.224	1.231	86450
03.09.2020 08:00	1.237	1.248	1.235	1.24	18810
03.09.2020 12:00	1.24	1.24	1.232	1.238	20940
03.09.2020 16:00	1.237	1.237	1.195	1.199	33360
04.09.2020 08:00	1.193	1.207	1.163	1.205	40330
04.09.2020 12:00	1.206	1.21	1.191	1.199	22850
04.09.2020 16:00	1.197	1.205	1.16	1.167	123820
07.09.2020 08:00	1.187	1.187	1.172	1.184	35750
07.09.2020 12:00	1.182	1.188	1.18	1.188	28660
07.09.2020 16:00	1.187	1.192	1.182	1.19	4280
08.09.2020 08:00	1.192	1.194	1.175	1.175	19270
08.09.2020 12:00	1.175	1.183	1.167	1.168	12230
08.09.2020 16:00	1.168	1.17	1.155	1.165	52950
09.09.2020 08:00	1.16	1.168	1.146	1.166	14720
09.09.2020 12:00	1.16	1.17	1.156	1.168	14880
09.09.2020 16:00	1.167	1.177	1.165	1.177	12970
10.09.2020 08:00	1.181	1.182	1.17	1.171	7020
10.09.2020 12:00	1.174	1.183	1.171	1.182	7800
10.09.2020 16:00	1.183	1.188	1.171	1.18	23130
11.09.2020 08:00	1.169	1.171	1.158	1.168	9450
11.09.2020 12:00	1.167	1.172	1.161	1.164	10520
11.09.2020 16:00	1.166	1.169	1.156	1.163	27700
14.09.2020 08:00	1.166	1.186	1.155	1.171	23810
14.09.2020 12:00	1.171	1.172	1.166	1.171	12300
14.09.2020 16:00	1.171	1.18	1.168	1.18	8920
15.09.2020 08:00	1.18	1.184	1.171	1.178	6670
15.09.2020 12:00	1.179	1.185	1.175	1.184	9960
15.09.2020 16:00	1.184	1.187	1.178	1.186	9690
16.09.2020 08:00	1.187	1.188	1.179	1.187	4200
16.09.2020 12:00	1.188	1.189	1.184	1.185	6620
16.09.2020 16:00	1.184	1.187	1.18	1.187	22720
17.09.2020 08:00	1.162	1.175	1.155	1.16	20230
17.09.2020 12:00	1.163	1.165	1.156	1.156	8850
17.09.2020 16:00	1.156	1.17	1.153	1.168	23960
18.09.2020 08:00	1.172	1.172	1.161	1.167	12540
18.09.2020 12:00	1.167	1.169	1.163	1.168	5700
18.09.2020 16:00	1.166	1.168	1.155	1.155	7050
21.09.2020 08:00	1.15	1.15	1.126	1.132	24300
21.09.2020 12:00	1.13	1.138	1.127	1.131	42430
21.09.2020 16:00	1.131	1.134	1.118	1.12	71410
22.09.2020 08:00	1.123	1.14	1.123	1.138	24830
22.09.2020 12:00	1.137	1.143	1.134	1.138	20690
22.09.2020 16:00	1.138	1.143	1.133	1.137	4690
23.09.2020 08:00	1.144	1.155	1.131	1.155	6810
23.09.2020 12:00	1.155	1.155	1.147	1.15	11940
23.09.2020 16:00	1.15	1.15	1.139	1.139	5750
24.09.2020 08:00	1.126	1.129	1.114	1.119	6120
24.09.2020 12:00	1.119	1.126	1.11	1.115	19570
24.09.2020 16:00	1.115	1.128	1.11	1.125	9240
25.09.2020 08:00	1.129	1.13	1.122	1.126	3220
25.09.2020 12:00	1.126	1.127	1.116	1.12	2840
25.09.2020 16:00	1.123	1.13	1.118	1.13	6820
28.09.2020 08:00	1.174	1.174	1.13	1.15	16450
28.09.2020 12:00	1.149	1.161	1.147	1.159	15900
28.09.2020 16:00	1.156	1.161	1.153	1.161	12280
29.09.2020 08:00	1.161	1.165	1.155	1.159	12890
29.09.2020 12:00	1.159	1.165	1.157	1.16	32520
29.09.2020 16:00	1.162	1.162	1.152	1.158	14930
30.09.2020 08:00	1.155	1.155	1.144	1.15	9130
30.09.2020 12:00	1.151	1.159	1.145	1.159	6980
30.09.2020 16:00	1.158	1.17	1.157	1.17	10080
01.10.2020 08:00	1.186	1.192	1.168	1.173	16240
01.10.2020 12:00	1.171	1.18	1.171	1.175	12450
01.10.2020 16:00	1.174	1.176	1.167	1.169	29040
02.10.2020 08:00	1.157	1.16	1.13	1.153	20190
02.10.2020 12:00	1.155	1.159	1.148	1.154	11790
02.10.2020 16:00	1.15	1.166	1.15	1.163	8130
05.10.2020 08:00	1.166	1.17	1.163	1.168	4600
05.10.2020 12:00	1.168	1.171	1.165	1.165	15690
05.10.2020 16:00	1.168	1.175	1.166	1.171	5310
06.10.2020 08:00	1.178	1.181	1.172	1.178	14000
06.10.2020 12:00	1.178	1.181	1.173	1.18	18910
06.10.2020 16:00	1.18	1.183	1.175	1.175	22940
07.10.2020 08:00	1.175	1.175	1.166	1.172	16300
07.10.2020 12:00	1.172	1.176	1.166	1.173	6510
07.10.2020 16:00	1.175	1.18	1.172	1.179	5900
08.10.2020 08:00	1.18	1.192	1.179	1.189	30460
08.10.2020 12:00	1.186	1.191	1.184	1.191	8560
08.10.2020 16:00	1.191	1.192	1.186	1.188	10140
09.10.2020 08:00	1.197	1.216	1.189	1.198	6470
09.10.2020 12:00	1.198	1.202	1.193	1.202	13690
09.10.2020 16:00	1.202	1.204	1.197	1.204	7690
12.10.2020 08:00	1.204	1.215	1.202	1.21	28450
12.10.2020 12:00	1.21	1.217	1.208	1.215	29980
12.10.2020 16:00	1.215	1.224	1.212	1.221	39150
13.10.2020 08:00	1.221	1.226	1.216	1.225	27330
13.10.2020 12:00	1.226	1.228	1.22	1.224	24700
13.10.2020 16:00	1.223	1.225	1.215	1.223	33410
14.10.2020 08:00	1.223	1.224	1.215	1.224	21810
14.10.2020 12:00	1.224	1.224	1.21	1.216	20930
14.10.2020 16:00	1.215	1.221	1.215	1.217	2580
15.10.2020 08:00	1.21	1.21	1.19	1.192	26550
15.10.2020 12:00	1.193	1.199	1.191	1.194	21330
15.10.2020 16:00	1.196	1.202	1.192	1.201	6680
16.10.2020 08:00	1.219	1.219	1.203	1.208	7600
16.10.2020 12:00	1.209	1.21	1.205	1.21	16500
16.10.2020 16:00	1.21	1.219	1.209	1.214	7920
19.10.2020 08:00	1.214	1.216	1.206	1.213	12750
19.10.2020 12:00	1.214	1.214	1.208	1.212	8470
19.10.2020 16:00	1.211	1.213	1.2	1.206	6210
20.10.2020 08:00	1.201	1.201	1.189	1.196	10460
20.10.2020 12:00	1.193	1.2	1.191	1.194	19180
20.10.2020 16:00	1.194	1.199	1.173	1.193	16140
21.10.2020 08:00	1.194	1.201	1.19	1.19	6430
21.10.2020 12:00	1.189	1.195	1.185	1.192	17730
21.10.2020 16:00	1.194	1.201	1.19	1.193	10720
22.10.2020 08:00	1.193	1.193	1.181	1.19	5040
22.10.2020 12:00	1.19	1.193	1.186	1.19	6580
22.10.2020 16:00	1.191	1.195	1.182	1.192	20660
23.10.2020 08:00	1.192	1.205	1.191	1.201	19760
23.10.2020 12:00	1.201	1.204	1.196	1.202	24050
23.10.2020 16:00	1.2	1.203	1.195	1.199	22220
26.10.2020 08:00	1.19	1.195	1.183	1.19	10420
26.10.2020 12:00	1.19	1.191	1.184	1.184	7700
26.10.2020 16:00	1.189	1.193	1.17	1.178	9780
27.10.2020 08:00	1.179	1.183	1.178	1.179	3820
27.10.2020 12:00	1.18	1.187	1.177	1.182	7230
27.10.2020 16:00	1.181	1.183	1.172	1.176	14160
28.10.2020 08:00	1.175	1.175	1.153	1.156	105040
28.10.2020 12:00	1.161	1.161	1.151	1.153	12980
28.10.2020 16:00	1.151	1.156	1.137	1.14	27870
29.10.2020 08:00	1.14	1.165	1.136	1.141	82020
29.10.2020 12:00	1.143	1.146	1.13	1.137	25760
29.10.2020 16:00	1.134	1.146	1.13	1.143	17410
30.10.2020 08:00	1.132	1.136	1.122	1.13	18120
30.10.2020 12:00	1.127	1.142	1.127	1.142	10730
30.10.2020 16:00	1.138	1.144	1.121	1.125	16860
02.11.2020 08:00	1.132	1.141	1.127	1.14	11150
02.11.2020 12:00	1.141	1.152	1.137	1.142	43580
02.11.2020 16:00	1.144	1.15	1.139	1.147	17130
03.11.2020 08:00	1.148	1.159	1.147	1.155	20650
03.11.2020 12:00	1.159	1.163	1.153	1.157	20270
03.11.2020 16:00	1.157	1.172	1.154	1.17	23060
05.11.2020 08:00	1.181	1.217	1.18	1.204	65350
05.11.2020 12:00	1.208	1.216	1.202	1.214	41520
05.11.2020 16:00	1.215	1.218	1.205	1.213	43080
06.11.2020 08:00	1.213	1.215	1.196	1.208	23500
06.11.2020 12:00	1.208	1.208	1.2	1.206	12380
06.11.2020 16:00	1.206	1.217	1.201	1.207	33690
09.11.2020 08:00	1.225	1.236	1.223	1.233	47100
09.11.2020 12:00	1.234	1.265	1.227	1.261	87930
09.11.2020 16:00	1.261	1.273	1.245	1.248	95410
10.11.2020 08:00	1.236	1.242	1.226	1.23	49510
10.11.2020 12:00	1.227	1.235	1.218	1.226	53390
10.11.2020 16:00	1.227	1.233	1.215	1.218	32000
11.11.2020 08:00	1.248	1.248	1.218	1.237	22140
11.11.2020 12:00	1.237	1.24	1.232	1.239	49110
11.11.2020 16:00	1.235	1.24	1.232	1.234	6450
12.11.2020 08:00	1.231	1.252	1.222	1.23	17290
12.11.2020 12:00	1.231	1.235	1.229	1.232	16840
12.11.2020 16:00	1.231	1.235	1.228	1.231	34800
13.11.2020 08:00	1.212	1.239	1.212	1.231	14860
13.11.2020 12:00	1.231	1.238	1.23	1.233	29120
13.11.2020 16:00	1.231	1.236	1.229	1.233	77430
16.11.2020 08:00	1.25	1.269	1.234	1.25	85530
16.11.2020 12:00	1.25	1.26	1.249	1.256	82070
16.11.2020 16:00	1.255	1.256	1.248	1.252	34110
17.11.2020 08:00	1.252	1.256	1.247	1.252	15200
17.11.2020 12:00	1.252	1.254	1.248	1.249	124110
17.11.2020 16:00	1.25	1.25	1.242	1.249	19740
18.11.2020 08:00	1.244	1.252	1.241	1.251	18180
18.11.2020 12:00	1.249	1.257	1.248	1.254	27270
18.11.2020 16:00	1.255	1.256	1.249	1.252	23000
19.11.2020 08:00	1.239	1.24	1.226	1.231	30850
19.11.2020 12:00	1.231	1.237	1.225	1.237	38580
19.11.2020 16:00	1.233	1.237	1.229	1.235	25410
20.11.2020 08:00	1.236	1.239	1.231	1.234	14460
20.11.2020 12:00	1.234	1.244	1.232	1.242	85460
20.11.2020 16:00	1.242	1.243	1.235	1.236	20280
23.11.2020 08:00	1.241	1.246	1.236	1.24	28780
23.11.2020 12:00	1.24	1.242	1.236	1.242	58330
23.11.2020 16:00	1.241	1.242	1.233	1.233	21410
24.11.2020 08:00	1.24	1.256	1.24	1.25	39990
24.11.2020 12:00	1.25	1.252	1.246	1.249	37620
24.11.2020 16:00	1.249	1.25	1.245	1.25	17160
25.11.2020 08:00	1.257	1.263	1.253	1.26	38710
25.11.2020 12:00	1.26	1.262	1.254	1.256	33360
25.11.2020 16:00	1.259	1.26	1.251	1.256	11990
26.11.2020 08:00	1.263	1.268	1.258	1.26	123450
26.11.2020 12:00	1.26	1.262	1.256	1.258	18050
26.11.2020 16:00	1.258	1.262	1.257	1.261	14880
27.11.2020 08:00	1.26	1.262	1.254	1.262	20360
27.11.2020 12:00	1.258	1.264	1.257	1.26	15990
27.11.2020 16:00	1.263	1.265	1.257	1.263	5520
30.11.2020 08:00	1.251	1.264	1.242	1.257	39900
30.11.2020 12:00	1.252	1.26	1.251	1.258	20350
30.11.2020 16:00	1.259	1.26	1.248	1.25	24690
01.12.2020 08:00	1.258	1.271	1.258	1.265	23600
01.12.2020 12:00	1.264	1.27	1.264	1.27	17680
01.12.2020 16:00	1.27	1.27	1.265	1.27	46860
02.12.2020 08:00	1.27	1.274	1.263	1.266	29480
02.12.2020 12:00	1.266	1.269	1.262	1.266	28580
02.12.2020 16:00	1.266	1.269	1.263	1.268	11460
03.12.2020 08:00	1.273	1.276	1.268	1.27	29090
03.12.2020 12:00	1.271	1.273	1.267	1.271	31720
03.12.2020 16:00	1.271	1.274	1.269	1.272	50390
04.12.2020 08:00	1.278	1.278	1.27	1.275	20550
04.12.2020 12:00	1.275	1.275	1.27	1.275	26320
04.12.2020 16:00	1.275	1.275	1.271	1.273	31800
07.12.2020 08:00	1.273	1.28	1.269	1.274	19200
07.12.2020 12:00	1.274	1.279	1.272	1.278	25680
07.12.2020 16:00	1.278	1.28	1.276	1.279	13840
08.12.2020 08:00	1.279	1.279	1.267	1.275	18840
08.12.2020 12:00	1.275	1.275	1.27	1.271	31660
08.12.2020 16:00	1.275	1.275	1.271	1.275	10330
09.12.2020 08:00	1.278	1.286	1.278	1.286	14910
09.12.2020 12:00	1.285	1.289	1.283	1.286	74370
09.12.2020 16:00	1.286	1.287	1.281	1.285	23640
10.12.2020 08:00	1.274	1.277	1.266	1.274	14500
10.12.2020 12:00	1.274	1.276	1.27	1.272	15370
10.12.2020 16:00	1.272	1.275	1.263	1.27	22090
11.12.2020 08:00	1.277	1.281	1.26	1.265	22840
11.12.2020 12:00	1.265	1.267	1.257	1.263	20290
11.12.2020 16:00	1.263	1.268	1.258	1.265	50440
14.12.2020 08:00	1.269	1.274	1.268	1.274	15920
14.12.2020 12:00	1.274	1.28	1.273	1.277	34690
14.12.2020 16:00	1.279	1.281	1.274	1.281	9830
15.12.2020 08:00	1.28	1.281	1.266	1.27	18020
15.12.2020 12:00	1.268	1.273	1.267	1.271	23620
15.12.2020 16:00	1.271	1.274	1.267	1.27	14630
16.12.2020 08:00	1.274	1.283	1.271	1.283	14570
16.12.2020 12:00	1.283	1.286	1.28	1.281	36890
16.12.2020 16:00	1.285	1.286	1.279	1.28	21010
17.12.2020 08:00	1.287	1.293	1.284	1.29	10940
17.12.2020 12:00	1.29	1.291	1.286	1.29	28200
17.12.2020 16:00	1.29	1.291	1.286	1.288	13060
18.12.2020 08:00	1.289	1.291	1.281	1.29	28330
18.12.2020 12:00	1.291	1.293	1.285	1.291	70460
18.12.2020 16:00	1.29	1.292	1.282	1.284	20890
21.12.2020 08:00	1.284	1.294	1.271	1.277	31710
21.12.2020 12:00	1.279	1.28	1.244	1.264	78250
21.12.2020 16:00	1.262	1.27	1.256	1.263	9430
22.12.2020 08:00	1.269	1.279	1.267	1.275	48510
22.12.2020 12:00	1.278	1.283	1.275	1.28	21750
22.12.2020 16:00	1.28	1.281	1.274	1.279	28610
23.12.2020 08:00	1.279	1.279	1.27	1.279	23740
23.12.2020 12:00	1.278	1.281	1.273	1.274	27570
23.12.2020 16:00	1.277	1.282	1.273	1.281	10090
24.12.2020 08:00	1.281	1.287	1.281	1.284	28220
24.12.2020 12:00	1.284	1.284	1.281	1.283	14300
24.12.2020 16:00	1.283	1.284	1.274	1.282	14430
25.12.2020 08:00	1.285	1.286	1.282	1.285	10830
25.12.2020 12:00	1.285	1.286	1.276	1.28	53740
25.12.2020 16:00	1.28	1.288	1.279	1.287	11090
28.12.2020 08:00	1.294	1.296	1.287	1.291	77320
28.12.2020 12:00	1.291	1.294	1.288	1.288	28960
28.12.2020 16:00	1.294	1.295	1.288	1.295	23390
29.12.2020 08:00	1.295	1.302	1.29	1.301	22780
29.12.2020 12:00	1.301	1.302	1.296	1.299	71220
29.12.2020 16:00	1.3	1.301	1.292	1.296	19620
30.12.2020 08:00	1.293	1.316	1.28	1.298	28760
30.12.2020 12:00	1.298	1.299	1.294	1.297	35080
30.12.2020 16:00	1.295	1.299	1.292	1.298	139890
04.01.2021 08:00	1.3	1.308	1.298	1.306	42350
04.01.2021 12:00	1.306	1.31	1.303	1.308	44920
04.01.2021 16:00	1.307	1.308	1.292	1.293	14400
05.01.2021 08:00	1.284	1.292	1.27	1.284	19760
05.01.2021 12:00	1.284	1.287	1.275	1.282	24160
05.01.2021 16:00	1.281	1.29	1.275	1.28	17290
06.01.2021 08:00	1.28	1.292	1.277	1.278	9760
06.01.2021 12:00	1.278	1.288	1.278	1.286	27070
06.01.2021 16:00	1.287	1.3	1.282	1.3	18330
08.01.2021 08:00	1.306	1.342	1.305	1.316	33050
08.01.2021 12:00	1.317	1.321	1.314	1.32	21530
08.01.2021 16:00	1.32	1.323	1.315	1.319	32370
11.01.2021 08:00	1.319	1.319	1.301	1.316	35930
11.01.2021 12:00	1.314	1.319	1.312	1.316	36260
11.01.2021 16:00	1.317	1.319	1.308	1.317	25790
12.01.2021 08:00	1.322	1.322	1.315	1.315	18080
12.01.2021 12:00	1.315	1.321	1.313	1.317	14660
12.01.2021 16:00	1.316	1.319	1.312	1.315	44110
13.01.2021 08:00	1.32	1.32	1.315	1.315	13680
13.01.2021 12:00	1.316	1.316	1.31	1.311	23550
13.01.2021 16:00	1.311	1.316	1.307	1.315	8130
14.01.2021 08:00	1.319	1.323	1.315	1.323	8930
14.01.2021 12:00	1.322	1.323	1.316	1.321	56780
14.01.2021 16:00	1.32	1.323	1.318	1.32	13770
15.01.2021 08:00	1.307	1.311	1.302	1.307	22820
15.01.2021 12:00	1.309	1.311	1.306	1.308	38860
15.01.2021 16:00	1.308	1.31	1.294	1.302	33140
18.01.2021 08:00	1.302	1.308	1.297	1.301	22870
18.01.2021 12:00	1.301	1.305	1.298	1.3	24700
18.01.2021 16:00	1.3	1.306	1.3	1.305	12140
19.01.2021 08:00	1.305	1.313	1.303	1.311	36400
19.01.2021 12:00	1.311	1.316	1.307	1.314	32690
19.01.2021 16:00	1.313	1.314	1.308	1.311	29470
20.01.2021 08:00	1.314	1.317	1.308	1.315	29720
20.01.2021 12:00	1.317	1.319	1.312	1.317	23190
20.01.2021 16:00	1.317	1.326	1.315	1.325	19170
21.01.2021 08:00	1.332	1.336	1.328	1.334	48530
21.01.2021 12:00	1.33	1.335	1.329	1.333	39870
21.01.2021 16:00	1.333	1.335	1.326	1.334	59550
22.01.2021 08:00	1.333	1.333	1.32	1.323	37890
22.01.2021 12:00	1.323	1.323	1.316	1.321	55800
22.01.2021 16:00	1.321	1.328	1.317	1.324	18270
25.01.2021 08:00	1.325	1.335	1.325	1.332	33460
25.01.2021 12:00	1.33	1.334	1.328	1.329	51010
25.01.2021 16:00	1.329	1.333	1.326	1.333	26770
26.01.2021 08:00	1.332	1.354	1.309	1.329	30640
26.01.2021 12:00	1.329	1.333	1.327	1.33	25880
26.01.2021 16:00	1.333	1.335	1.328	1.333	27870
27.01.2021 08:00	1.331	1.334	1.324	1.327	18420
27.01.2021 12:00	1.328	1.33	1.313	1.313	42480
27.01.2021 16:00	1.312	1.318	1.298	1.312	40510
28.01.2021 08:00	1.3	1.3	1.281	1.282	51530
28.01.2021 12:00	1.281	1.296	1.281	1.294	44120
28.01.2021 16:00	1.293	1.315	1.289	1.313	73090
29.01.2021 08:00	1.306	1.307	1.287	1.296	59190
29.01.2021 12:00	1.296	1.303	1.29	1.296	63970
29.01.2021 16:00	1.296	1.307	1.291	1.3	104950
01.02.2021 08:00	1.296	1.297	1.282	1.294	73840
01.02.2021 12:00	1.294	1.3	1.291	1.296	17700
01.02.2021 16:00	1.297	1.298	1.287	1.294	51010
02.02.2021 08:00	1.313	1.315	1.305	1.313	26940
02.02.2021 12:00	1.313	1.316	1.311	1.311	43720
02.02.2021 16:00	1.311	1.324	1.311	1.323	71220
03.02.2021 08:00	1.325	1.334	1.322	1.327	28310
03.02.2021 12:00	1.325	1.326	1.322	1.324	30320
03.02.2021 16:00	1.323	1.325	1.316	1.316	16340
04.02.2021 08:00	1.32	1.326	1.315	1.326	31830
04.02.2021 12:00	1.325	1.326	1.32	1.324	97790
04.02.2021 16:00	1.325	1.329	1.322	1.326	46490
05.02.2021 08:00	1.345	1.345	1.332	1.338	32200
05.02.2021 12:00	1.338	1.344	1.337	1.342	47770
05.02.2021 16:00	1.342	1.343	1.336	1.34	33100
08.02.2021 08:00	1.353	1.353	1.341	1.345	74290
08.02.2021 12:00	1.346	1.347	1.343	1.347	34880
08.02.2021 16:00	1.347	1.349	1.346	1.349	14330
09.02.2021 08:00	1.352	1.359	1.349	1.352	35050
09.02.2021 12:00	1.35	1.352	1.348	1.348	28160
09.02.2021 16:00	1.35	1.353	1.346	1.349	30300
10.02.2021 08:00	1.351	1.362	1.351	1.356	43510
10.02.2021 12:00	1.356	1.357	1.353	1.356	38240
10.02.2021 16:00	1.354	1.358	1.344	1.346	36440
11.02.2021 08:00	1.358	1.358	1.35	1.354	20640
11.02.2021 12:00	1.353	1.356	1.35	1.354	83760
11.02.2021 16:00	1.355	1.356	1.35	1.35	16640
12.02.2021 08:00	1.352	1.355	1.345	1.347	23600
12.02.2021 12:00	1.347	1.351	1.345	1.35	15000
12.02.2021 16:00	1.348	1.354	1.347	1.354	17480
15.02.2021 08:00	1.367	1.372	1.356	1.366	57550
15.02.2021 12:00	1.368	1.369	1.364	1.364	21600
15.02.2021 16:00	1.363	1.369	1.362	1.367	9580
16.02.2021 08:00	1.372	1.373	1.363	1.366	78610
16.02.2021 12:00	1.369	1.37	1.363	1.364	35610
16.02.2021 16:00	1.367	1.369	1.357	1.362	39440
17.02.2021 08:00	1.367	1.367	1.355	1.36	26080
17.02.2021 12:00	1.36	1.36	1.355	1.358	41690
17.02.2021 16:00	1.359	1.36	1.349	1.349	18410
18.02.2021 08:00	1.355	1.358	1.35	1.356	16430
18.02.2021 12:00	1.355	1.356	1.35	1.355	21480
18.02.2021 16:00	1.352	1.356	1.342	1.345	24270
19.02.2021 08:00	1.354	1.359	1.35	1.354	11900
19.02.2021 12:00	1.354	1.359	1.351	1.355	46300
19.02.2021 16:00	1.357	1.359	1.353	1.357	28100
20.02.2021 08:00	1.355	1.356	1.348	1.354	8430
20.02.2021 12:00	1.354	1.357	1.351	1.354	6810
20.02.2021 16:00	1.354	1.356	1.353	1.355	4230
22.02.2021 08:00	1.352	1.355	1.334	1.336	30020
22.02.2021 12:00	1.338	1.342	1.334	1.339	50350
22.02.2021 16:00	1.336	1.343	1.335	1.338	5210
24.02.2021 08:00	1.341	1.343	1.329	1.338	43280
24.02.2021 12:00	1.339	1.344	1.338	1.344	26190
24.02.2021 16:00	1.344	1.345	1.33	1.34	52220
25.02.2021 08:00	1.352	1.359	1.344	1.356	23470
25.02.2021 12:00	1.355	1.357	1.348	1.352	25980
25.02.2021 16:00	1.35	1.355	1.343	1.343	15500
26.02.2021 08:00	1.343	1.343	1.31	1.329	50270
26.02.2021 12:00	1.328	1.328	1.315	1.321	28700
26.02.2021 16:00	1.321	1.329	1.308	1.316	46160
01.03.2021 08:00	1.328	1.345	1.317	1.333	70820
01.03.2021 12:00	1.332	1.333	1.329	1.33	19470
01.03.2021 16:00	1.332	1.344	1.33	1.344	12020
02.03.2021 08:00	1.344	1.345	1.333	1.339	31380
02.03.2021 12:00	1.337	1.345	1.333	1.344	37100
02.03.2021 16:00	1.344	1.347	1.338	1.34	64870
03.03.2021 08:00	1.34	1.365	1.328	1.344	11230
03.03.2021 12:00	1.344	1.346	1.34	1.341	35800
03.03.2021 16:00	1.341	1.343	1.325	1.331	43620
04.03.2021 08:00	1.316	1.328	1.314	1.316	20510
04.03.2021 12:00	1.315	1.316	1.307	1.315	111570
04.03.2021 16:00	1.315	1.322	1.307	1.313	43670
05.03.2021 08:00	1.309	1.309	1.29	1.297	21490
05.03.2021 12:00	1.295	1.304	1.292	1.301	55420
05.03.2021 16:00	1.304	1.315	1.295	1.298	46330
09.03.2021 08:00	1.34	1.34	1.311	1.33	43160
09.03.2021 12:00	1.328	1.334	1.327	1.328	32120
09.03.2021 16:00	1.328	1.341	1.328	1.34	22740
10.03.2021 08:00	1.337	1.34	1.331	1.339	63460
10.03.2021 12:00	1.336	1.34	1.332	1.339	40380
10.03.2021 16:00	1.339	1.348	1.336	1.343	42880
11.03.2021 08:00	1.359	1.36	1.348	1.356	54120
11.03.2021 12:00	1.357	1.357	1.351	1.356	19440
11.03.2021 16:00	1.356	1.358	1.353	1.356	51130
12.03.2021 08:00	1.367	1.368	1.35	1.351	40880
12.03.2021 12:00	1.351	1.356	1.349	1.356	16630
12.03.2021 16:00	1.356	1.358	1.35	1.354	23120
15.03.2021 08:00	1.358	1.367	1.35	1.36	85640
15.03.2021 12:00	1.362	1.368	1.36	1.36	39100
15.03.2021 16:00	1.359	1.363	1.355	1.356	29540
16.03.2021 08:00	1.363	1.373	1.357	1.366	21580
16.03.2021 12:00	1.367	1.373	1.366	1.371	17180
16.03.2021 16:00	1.37	1.372	1.368	1.371	15140
17.03.2021 08:00	1.362	1.371	1.362	1.367	16190
17.03.2021 12:00	1.368	1.368	1.36	1.362	36430
17.03.2021 16:00	1.362	1.365	1.355	1.355	27280
18.03.2021 08:00	1.362	1.389	1.361	1.363	31500
18.03.2021 12:00	1.361	1.366	1.357	1.361	147430
18.03.2021 16:00	1.361	1.365	1.359	1.365	11700
19.03.2021 08:00	1.36	1.36	1.352	1.355	26200
19.03.2021 12:00	1.356	1.356	1.35	1.354	53650
19.03.2021 16:00	1.353	1.353	1.34	1.348	79810
22.03.2021 08:00	1.35	1.35	1.343	1.347	15130
22.03.2021 12:00	1.345	1.354	1.344	1.349	32640
22.03.2021 16:00	1.348	1.359	1.347	1.356	21410
23.03.2021 08:00	1.356	1.36	1.35	1.351	19100
23.03.2021 12:00	1.354	1.355	1.348	1.354	54780
23.03.2021 16:00	1.354	1.36	1.35	1.359	30500
24.03.2021 08:00	1.35	1.353	1.339	1.353	15530
24.03.2021 12:00	1.353	1.356	1.35	1.355	9420
24.03.2021 16:00	1.355	1.358	1.351	1.358	11180
25.03.2021 08:00	1.343	1.354	1.34	1.342	24990
25.03.2021 12:00	1.345	1.346	1.33	1.333	24420
25.03.2021 16:00	1.333	1.34	1.33	1.337	18810
26.03.2021 08:00	1.381	1.381	1.348	1.355	21940
26.03.2021 12:00	1.353	1.355	1.348	1.353	9310
26.03.2021 16:00	1.353	1.358	1.35	1.353	12080
29.03.2021 08:00	1.359	1.383	1.359	1.366	23060
29.03.2021 12:00	1.366	1.371	1.36	1.367	66110
29.03.2021 16:00	1.366	1.37	1.36	1.366	19050
30.03.2021 08:00	1.368	1.374	1.342	1.369	54990
30.03.2021 12:00	1.371	1.373	1.366	1.368	32920
30.03.2021 16:00	1.368	1.37	1.363	1.37	23240
31.03.2021 08:00	1.37	1.37	1.358	1.368	22070
31.03.2021 12:00	1.369	1.371	1.364	1.37	13860
31.03.2021 16:00	1.37	1.376	1.366	1.374	14540
01.04.2021 08:00	1.379	1.381	1.369	1.38	62650
01.04.2021 12:00	1.38	1.382	1.374	1.379	35350
01.04.2021 16:00	1.38	1.384	1.377	1.38	20150
02.04.2021 08:00	1.394	1.394	1.38	1.386	29500
02.04.2021 12:00	1.386	1.387	1.385	1.386	131950
02.04.2021 16:00	1.386	1.388	1.383	1.388	35520
05.04.2021 08:00	1.395	1.396	1.388	1.395	91270
05.04.2021 12:00	1.395	1.401	1.394	1.397	80370
05.04.2021 16:00	1.398	1.41	1.395	1.41	27720
06.04.2021 08:00	1.409	1.409	1.398	1.405	80950
06.04.2021 12:00	1.405	1.407	1.401	1.406	22260
06.04.2021 16:00	1.405	1.41	1.403	1.409	42070
07.04.2021 08:00	1.408	1.411	1.402	1.408	30720
07.04.2021 12:00	1.408	1.409	1.402	1.404	47770
07.04.2021 16:00	1.403	1.409	1.397	1.407	47140
08.04.2021 08:00	1.417	1.417	1.406	1.413	30080
08.04.2021 12:00	1.413	1.415	1.409	1.411	21170
08.04.2021 16:00	1.413	1.414	1.406	1.406	23680
09.04.2021 08:00	1.408	1.439	1.407	1.416	75370
09.04.2021 12:00	1.416	1.419	1.412	1.414	38270
09.04.2021 16:00	1.414	1.417	1.407	1.415	47810
12.04.2021 08:00	1.427	1.432	1.415	1.422	44640
12.04.2021 12:00	1.422	1.425	1.419	1.422	41400
12.04.2021 16:00	1.425	1.425	1.42	1.42	31770
13.04.2021 08:00	1.422	1.425	1.415	1.419	25450
13.04.2021 12:00	1.42	1.425	1.414	1.421	50810
13.04.2021 16:00	1.423	1.425	1.419	1.425	37030
14.04.2021 08:00	1.432	1.436	1.423	1.429	41280
14.04.2021 12:00	1.428	1.429	1.423	1.427	40320
14.04.2021 16:00	1.427	1.429	1.425	1.427	23760
15.04.2021 08:00	1.413	1.435	1.412	1.428	46820
15.04.2021 12:00	1.428	1.434	1.425	1.427	67920
15.04.2021 16:00	1.426	1.435	1.426	1.431	40290
16.04.2021 08:00	1.432	1.439	1.419	1.439	297660
16.04.2021 12:00	1.439	1.444	1.438	1.444	24750
16.04.2021 16:00	1.444	1.444	1.438	1.443	24820
19.04.2021 08:00	1.444	1.444	1.435	1.44	41130
19.04.2021 12:00	1.44	1.44	1.434	1.436	36300
19.04.2021 16:00	1.436	1.439	1.431	1.435	36910
20.04.2021 08:00	1.439	1.443	1.432	1.435	30920
20.04.2021 12:00	1.435	1.436	1.424	1.429	32480
20.04.2021 16:00	1.429	1.433	1.42	1.422	20180
21.04.2021 08:00	1.425	1.431	1.421	1.421	14980
21.04.2021 12:00	1.423	1.429	1.419	1.422	42690
21.04.2021 16:00	1.422	1.43	1.419	1.428	18100
22.04.2021 08:00	1.438	1.44	1.432	1.436	56110
22.04.2021 12:00	1.436	1.445	1.432	1.441	41780
22.04.2021 16:00	1.44	1.442	1.434	1.438	32640
23.04.2021 08:00	1.444	1.449	1.422	1.433	133960
23.04.2021 12:00	1.43	1.435	1.428	1.431	55940
23.04.2021 16:00	1.431	1.442	1.427	1.441	36960
26.04.2021 08:00	1.441	1.447	1.436	1.442	61500
26.04.2021 12:00	1.442	1.445	1.435	1.443	63440
26.04.2021 16:00	1.443	1.448	1.438	1.448	25980
27.04.2021 08:00	1.447	1.45	1.442	1.445	45570
27.04.2021 12:00	1.442	1.449	1.442	1.447	36840
27.04.2021 16:00	1.445	1.448	1.441	1.444	39750
28.04.2021 08:00	1.445	1.449	1.438	1.449	34060
28.04.2021 12:00	1.449	1.449	1.44	1.447	74770
28.04.2021 16:00	1.445	1.449	1.444	1.448	34660
29.04.2021 08:00	1.449	1.458	1.445	1.455	46040
29.04.2021 12:00	1.455	1.458	1.451	1.457	66940
29.04.2021 16:00	1.457	1.458	1.446	1.451	68880
30.04.2021 08:00	1.449	1.455	1.447	1.45	46370
30.04.2021 12:00	1.453	1.455	1.446	1.452	55860
30.04.2021 16:00	1.449	1.454	1.446	1.446	34650
10.05.2021 08:00	1.465	1.64	1.409	1.462	132484
10.05.2021 12:00	1.462	1.465	1.46	1.463	41751
10.05.2021 16:00	1.463	1.464	1.451	1.453	36993
11.05.2021 08:00	1.45	1.45	1.43	1.432	97431
11.05.2021 12:00	1.436	1.44	1.423	1.427	61970
11.05.2021 16:00	1.427	1.435	1.421	1.433	29325
12.05.2021 08:00	1.431	1.435	1.419	1.43	51796
12.05.2021 12:00	1.43	1.432	1.417	1.419	39255
12.05.2021 16:00	1.423	1.426	1.411	1.411	33404
13.05.2021 08:00	1.41	1.411	1.391	1.393	53356
13.05.2021 12:00	1.392	1.408	1.392	1.404	59939
13.05.2021 16:00	1.407	1.426	1.405	1.418	28065
14.05.2021 08:00	1.422	1.438	1.421	1.428	34689
14.05.2021 12:00	1.429	1.43	1.42	1.427	42341
14.05.2021 16:00	1.427	1.436	1.424	1.436	48014
17.05.2021 08:00	1.435	1.443	1.431	1.439	99524
17.05.2021 12:00	1.439	1.44	1.431	1.434	31341
17.05.2021 16:00	1.434	1.438	1.431	1.433	20761
18.05.2021 08:00	1.44	1.45	1.44	1.442	27311
18.05.2021 12:00	1.442	1.443	1.436	1.439	35708
18.05.2021 16:00	1.439	1.439	1.433	1.437	17334
19.05.2021 08:00	1.432	1.434	1.41	1.413	33921
19.05.2021 12:00	1.413	1.417	1.401	1.404	73652
19.05.2021 16:00	1.404	1.412	1.4	1.41	39926
20.05.2021 08:00	1.447	1.447	1.41	1.414	26150
20.05.2021 12:00	1.414	1.422	1.409	1.421	53662
20.05.2021 16:00	1.418	1.435	1.41	1.435	99708
21.05.2021 08:00	1.439	1.441	1.431	1.437	34626
21.05.2021 12:00	1.435	1.442	1.434	1.438	32484
21.05.2021 16:00	1.44	1.444	1.437	1.439	43512
24.05.2021 08:00	1.44	1.442	1.433	1.438	55633
24.05.2021 12:00	1.441	1.443	1.436	1.443	33939
24.05.2021 16:00	1.443	1.445	1.439	1.442	30862
25.05.2021 08:00	1.449	1.457	1.446	1.454	22764
25.05.2021 12:00	1.454	1.454	1.45	1.45	29807
25.05.2021 16:00	1.45	1.454	1.441	1.446	87163
26.05.2021 08:00	1.449	1.454	1.445	1.448	39609
26.05.2021 12:00	1.448	1.451	1.445	1.45	41313
26.05.2021 16:00	1.45	1.45	1.44	1.448	23080
27.05.2021 08:00	1.449	1.449	1.44	1.443	44072
27.05.2021 12:00	1.444	1.449	1.439	1.448	44320
27.05.2021 16:00	1.448	1.453	1.445	1.446	20243
28.05.2021 08:00	1.443	1.455	1.443	1.453	17247
28.05.2021 12:00	1.453	1.456	1.45	1.452	31949
28.05.2021 16:00	1.452	1.454	1.447	1.45	19406
31.05.2021 08:00	1.453	1.454	1.448	1.453	26949
31.05.2021 12:00	1.453	1.454	1.45	1.453	11342
31.05.2021 16:00	1.453	1.453	1.448	1.451	27209
01.06.2021 08:00	1.454	1.458	1.443	1.458	43176
01.06.2021 12:00	1.458	1.461	1.452	1.459	71412
01.06.2021 16:00	1.459	1.461	1.448	1.455	35722
02.06.2021 08:00	1.454	1.454	1.436	1.448	27319
02.06.2021 12:00	1.448	1.453	1.444	1.453	50445
02.06.2021 16:00	1.453	1.456	1.445	1.456	31242
03.06.2021 08:00	1.443	1.452	1.442	1.452	22587
03.06.2021 12:00	1.449	1.452	1.435	1.441	49826
03.06.2021 16:00	1.44	1.45	1.437	1.449	24187
04.06.2021 08:00	1.447	1.449	1.439	1.447	30130
04.06.2021 12:00	1.447	1.453	1.441	1.453	27448
04.06.2021 16:00	1.453	1.458	1.448	1.457	19466
07.06.2021 08:00	1.459	1.459	1.45	1.459	32215
07.06.2021 12:00	1.459	1.462	1.452	1.458	34502
07.06.2021 16:00	1.458	1.462	1.455	1.456	19041
08.06.2021 08:00	1.46	1.462	1.451	1.46	21349
08.06.2021 12:00	1.459	1.462	1.454	1.462	37592
08.06.2021 16:00	1.462	1.463	1.452	1.456	33162
09.06.2021 08:00	1.46	1.461	1.451	1.46	42166
09.06.2021 12:00	1.46	1.461	1.455	1.459	33552
09.06.2021 16:00	1.461	1.462	1.455	1.46	25692
10.06.2021 08:00	1.46	1.46	1.45	1.457	22963
10.06.2021 12:00	1.456	1.461	1.451	1.461	54484
10.06.2021 16:00	1.46	1.465	1.455	1.462	23514
11.06.2021 08:00	1.462	1.467	1.459	1.465	23025
11.06.2021 12:00	1.465	1.467	1.461	1.466	42100
11.06.2021 16:00	1.466	1.467	1.46	1.463	24548
14.06.2021 08:00	1.463	1.47	1.46	1.468	36101
14.06.2021 12:00	1.468	1.469	1.461	1.466	48246
14.06.2021 16:00	1.466	1.467	1.462	1.464	27278
15.06.2021 08:00	1.47	1.474	1.469	1.469	29443
15.06.2021 12:00	1.472	1.472	1.467	1.47	68079
15.06.2021 16:00	1.469	1.471	1.464	1.465	32229
16.06.2021 08:00	1.469	1.47	1.46	1.463	35769
16.06.2021 12:00	1.463	1.467	1.46	1.465	20394
16.06.2021 16:00	1.465	1.466	1.461	1.465	13499
17.06.2021 08:00	1.45	1.453	1.434	1.449	38656
17.06.2021 12:00	1.45	1.454	1.446	1.452	36906
17.06.2021 16:00	1.452	1.457	1.449	1.456	15140
18.06.2021 08:00	1.459	1.459	1.45	1.456	35604
18.06.2021 12:00	1.456	1.458	1.441	1.445	52140
18.06.2021 16:00	1.444	1.447	1.435	1.44	57135
21.06.2021 08:00	1.435	1.442	1.407	1.442	60839
21.06.2021 12:00	1.442	1.445	1.44	1.443	30388
21.06.2021 16:00	1.441	1.454	1.438	1.453	27900
22.06.2021 08:00	1.459	1.46	1.45	1.454	26289
22.06.2021 12:00	1.454	1.46	1.451	1.455	40361
22.06.2021 16:00	1.455	1.461	1.451	1.46	16668
23.06.2021 08:00	1.472	1.473	1.461	1.464	21152
23.06.2021 12:00	1.464	1.466	1.463	1.464	22800
23.06.2021 16:00	1.464	1.466	1.462	1.463	19649
24.06.2021 08:00	1.465	1.471	1.462	1.468	33971
24.06.2021 12:00	1.467	1.472	1.465	1.469	36783
24.06.2021 16:00	1.469	1.473	1.466	1.471	31148
25.06.2021 08:00	1.474	1.475	1.467	1.472	28649
25.06.2021 12:00	1.473	1.475	1.467	1.474	26063
25.06.2021 16:00	1.473	1.476	1.47	1.474	14998
28.06.2021 08:00	1.478	1.48	1.472	1.475	28896
28.06.2021 12:00	1.475	1.48	1.47	1.48	46042
28.06.2021 16:00	1.479	1.48	1.472	1.477	13377
29.06.2021 08:00	1.479	1.481	1.471	1.478	28173
29.06.2021 12:00	1.476	1.481	1.474	1.475	35724
29.06.2021 16:00	1.475	1.482	1.475	1.48	15802
30.06.2021 08:00	1.483	1.483	1.476	1.478	26960
30.06.2021 12:00	1.479	1.482	1.475	1.481	29785
30.06.2021 16:00	1.481	1.484	1.476	1.484	39830
01.07.2021 08:00	1.487	1.487	1.477	1.484	16329
01.07.2021 12:00	1.482	1.484	1.475	1.479	38590
01.07.2021 16:00	1.479	1.483	1.477	1.479	26281
02.07.2021 08:00	1.485	1.495	1.485	1.49	41722
02.07.2021 12:00	1.49	1.496	1.487	1.495	47794
02.07.2021 16:00	1.496	1.496	1.492	1.493	25254
05.07.2021 08:00	1.5	1.5	1.494	1.499	31562
05.07.2021 12:00	1.499	1.502	1.497	1.502	19905
05.07.2021 16:00	1.5	1.504	1.5	1.504	19669
06.07.2021 08:00	1.504	1.507	1.499	1.499	38982
06.07.2021 12:00	1.499	1.502	1.498	1.501	35765
06.07.2021 16:00	1.501	1.502	1.485	1.489	60430
07.07.2021 08:00	1.497	1.502	1.49	1.499	29822
07.07.2021 12:00	1.5	1.503	1.496	1.501	51222
07.07.2021 16:00	1.501	1.502	1.493	1.5	33804
08.07.2021 08:00	1.5	1.5	1.483	1.49	54387
08.07.2021 12:00	1.489	1.491	1.474	1.48	63909
08.07.2021 16:00	1.483	1.488	1.477	1.484	56607
09.07.2021 08:00	1.493	1.495	1.485	1.494	35382
09.07.2021 12:00	1.494	1.5	1.492	1.496	86081
09.07.2021 16:00	1.496	1.504	1.493	1.503	23599
12.07.2021 08:00	1.507	1.508	1.498	1.502	24386
12.07.2021 12:00	1.505	1.506	1.5	1.502	35883
12.07.2021 16:00	1.503	1.514	1.502	1.512	35221
13.07.2021 08:00	1.513	1.515	1.507	1.513	33833
13.07.2021 12:00	1.513	1.515	1.505	1.506	79927
13.07.2021 16:00	1.506	1.515	1.505	1.513	15309
14.07.2021 08:00	1.509	1.523	1.497	1.503	97897
14.07.2021 12:00	1.501	1.515	1.501	1.511	67304
14.07.2021 16:00	1.511	1.515	1.504	1.505	30068
15.07.2021 08:00	1.51	1.518	1.504	1.508	65699
15.07.2021 12:00	1.509	1.511	1.5	1.505	38642
15.07.2021 16:00	1.505	1.506	1.498	1.506	26755
16.07.2021 08:00	1.503	1.506	1.5	1.502	17434
16.07.2021 12:00	1.503	1.51	1.501	1.507	31543
16.07.2021 16:00	1.509	1.51	1.496	1.499	45226
19.07.2021 08:00	1.496	1.496	1.477	1.477	95578
19.07.2021 12:00	1.48	1.482	1.469	1.472	65536
19.07.2021 16:00	1.474	1.474	1.458	1.469	51801
20.07.2021 08:00	1.475	1.478	1.467	1.476	44393
20.07.2021 12:00	1.476	1.476	1.471	1.472	74539
20.07.2021 16:00	1.471	1.488	1.468	1.486	38004
21.07.2021 08:00	1.494	1.498	1.488	1.494	31670
21.07.2021 12:00	1.496	1.497	1.488	1.492	38163
21.07.2021 16:00	1.492	1.499	1.49	1.499	19575
22.07.2021 08:00	1.516	1.52	1.501	1.506	132303
22.07.2021 12:00	1.504	1.508	1.501	1.503	28979
22.07.2021 16:00	1.501	1.505	1.497	1.499	25364
23.07.2021 08:00	1.511	1.514	1.506	1.514	12694
23.07.2021 12:00	1.513	1.514	1.508	1.511	71024
23.07.2021 16:00	1.511	1.518	1.507	1.517	21723
26.07.2021 08:00	1.518	1.523	1.502	1.512	35347
26.07.2021 12:00	1.513	1.518	1.512	1.514	64270
26.07.2021 16:00	1.516	1.52	1.513	1.52	19970
27.07.2021 08:00	1.52	1.522	1.512	1.518	26391
27.07.2021 12:00	1.518	1.523	1.514	1.518	43895
27.07.2021 16:00	1.52	1.522	1.505	1.508	30280
28.07.2021 08:00	1.512	1.521	1.51	1.519	22578
28.07.2021 12:00	1.519	1.52	1.513	1.518	37367
28.07.2021 16:00	1.517	1.519	1.513	1.518	33523
29.07.2021 08:00	1.524	1.524	1.515	1.52	30571
29.07.2021 12:00	1.518	1.522	1.517	1.52	69705
29.07.2021 16:00	1.521	1.528	1.52	1.526	98872
30.07.2021 08:00	1.516	1.517	1.504	1.516	49639
30.07.2021 12:00	1.515	1.517	1.511	1.515	56856
30.07.2021 16:00	1.515	1.522	1.511	1.514	37370
02.08.2021 08:00	1.52	1.528	1.519	1.525	18094
02.08.2021 12:00	1.525	1.527	1.52	1.523	318166
02.08.2021 16:00	1.523	1.524	1.52	1.522	31882
03.08.2021 08:00	1.516	1.52	1.512	1.517	31272
03.08.2021 12:00	1.519	1.52	1.515	1.518	75678
03.08.2021 16:00	1.518	1.518	1.507	1.515	38611
04.08.2021 08:00	1.524	1.526	1.519	1.525	20965
04.08.2021 12:00	1.525	1.526	1.519	1.521	66881
04.08.2021 16:00	1.521	1.523	1.517	1.519	24820
05.08.2021 08:00	1.518	1.522	1.515	1.522	16154
05.08.2021 12:00	1.522	1.523	1.515	1.518	34478
05.08.2021 16:00	1.518	1.525	1.517	1.521	88175
06.08.2021 08:00	1.526	1.529	1.521	1.529	45205
06.08.2021 12:00	1.529	1.53	1.523	1.526	73222
06.08.2021 16:00	1.526	1.532	1.523	1.529	67461
09.08.2021 08:00	1.527	1.53	1.524	1.525	90429
09.08.2021 12:00	1.525	1.53	1.525	1.526	46406
09.08.2021 16:00	1.53	1.53	1.525	1.53	35488
10.08.2021 08:00	1.53	1.531	1.525	1.53	38776
10.08.2021 12:00	1.529	1.531	1.524	1.525	39153
10.08.2021 16:00	1.529	1.533	1.525	1.529	17368
11.08.2021 08:00	1.53	1.532	1.524	1.529	41785
11.08.2021 12:00	1.527	1.533	1.525	1.533	33429
11.08.2021 16:00	1.532	1.536	1.53	1.533	23683
12.08.2021 08:00	1.537	1.538	1.529	1.535	49840
12.08.2021 12:00	1.535	1.536	1.532	1.533	31670
12.08.2021 16:00	1.534	1.534	1.53	1.531	28648
13.08.2021 08:00	1.54	1.543	1.534	1.541	57402
13.08.2021 12:00	1.541	1.545	1.538	1.544	53879
13.08.2021 16:00	1.543	1.546	1.538	1.544	25729
16.08.2021 08:00	1.54	1.542	1.532	1.536	43054
16.08.2021 12:00	1.538	1.541	1.533	1.536	66321
16.08.2021 16:00	1.536	1.539	1.53	1.535	56202
17.08.2021 08:00	1.54	1.543	1.533	1.533	29921
17.08.2021 12:00	1.533	1.541	1.532	1.539	48700
17.08.2021 16:00	1.539	1.54	1.531	1.537	16220
18.08.2021 08:00	1.541	1.541	1.527	1.53	30770
18.08.2021 12:00	1.53	1.537	1.527	1.535	43635
18.08.2021 16:00	1.534	1.539	1.526	1.535	32446
19.08.2021 08:00	1.504	1.512	1.499	1.503	92620
19.08.2021 12:00	1.503	1.511	1.5	1.506	85034
19.08.2021 16:00	1.507	1.521	1.503	1.517	36156
20.08.2021 08:00	1.517	1.519	1.51	1.515	27436
20.08.2021 12:00	1.515	1.519	1.51	1.517	108771
20.08.2021 16:00	1.519	1.534	1.517	1.533	78971
23.08.2021 08:00	1.54	1.541	1.531	1.538	31678
23.08.2021 12:00	1.538	1.54	1.534	1.539	42123
23.08.2021 16:00	1.539	1.55	1.536	1.548	19689
24.08.2021 08:00	1.554	1.556	1.544	1.549	49025
24.08.2021 12:00	1.549	1.6	1.544	1.546	294557
24.08.2021 16:00	1.549	1.552	1.544	1.547	14639
25.08.2021 08:00	1.553	1.553	1.544	1.549	24304
25.08.2021 12:00	1.549	1.551	1.543	1.544	64045
25.08.2021 16:00	1.549	1.553	1.543	1.55	29496
26.08.2021 08:00	1.548	1.551	1.543	1.55	40281
26.08.2021 12:00	1.549	1.551	1.544	1.545	56339
26.08.2021 16:00	1.545	1.55	1.541	1.55	70893
27.08.2021 08:00	1.55	1.552	1.542	1.549	44643
27.08.2021 12:00	1.55	1.55	1.544	1.547	37179
27.08.2021 16:00	1.547	1.559	1.544	1.559	31929
30.08.2021 08:00	1.558	1.56	1.55	1.555	69465
30.08.2021 12:00	1.555	1.562	1.552	1.561	80181
30.08.2021 16:00	1.561	1.57	1.551	1.564	50042
31.08.2021 08:00	1.572	1.572	1.56	1.566	39855
31.08.2021 12:00	1.568	1.568	1.56	1.564	66783
31.08.2021 16:00	1.564	1.568	1.56	1.568	28866
01.09.2021 08:00	1.57	1.572	1.564	1.571	31297
01.09.2021 12:00	1.57	1.571	1.565	1.569	40402
01.09.2021 16:00	1.568	1.57	1.558	1.566	98866
02.09.2021 08:00	1.557	1.567	1.557	1.567	36036
02.09.2021 12:00	1.567	1.568	1.562	1.568	85260
02.09.2021 16:00	1.568	1.571	1.566	1.57	38360
03.09.2021 08:00	1.569	1.573	1.561	1.571	100573
03.09.2021 12:00	1.571	1.572	1.565	1.57	128041
03.09.2021 16:00	1.57	1.57	1.563	1.566	25601
06.09.2021 08:00	1.57	1.572	1.561	1.572	77471
06.09.2021 12:00	1.572	1.572	1.564	1.57	30628
06.09.2021 16:00	1.572	1.573	1.57	1.572	14644
07.09.2021 08:00	1.573	1.573	1.56	1.566	48743
07.09.2021 12:00	1.569	1.569	1.564	1.566	47095
07.09.2021 16:00	1.566	1.567	1.561	1.564	39047
08.09.2021 08:00	1.564	1.588	1.551	1.558	276517
08.09.2021 12:00	1.558	1.563	1.551	1.562	51450
08.09.2021 16:00	1.559	1.563	1.553	1.556	46163
09.09.2021 08:00	1.554	1.557	1.546	1.556	74326
09.09.2021 12:00	1.553	1.56	1.55	1.56	34159
09.09.2021 16:00	1.56	1.565	1.557	1.561	84272
10.09.2021 08:00	1.558	1.56	1.55	1.558	27183
10.09.2021 12:00	1.559	1.559	1.555	1.556	43854
10.09.2021 16:00	1.559	1.562	1.547	1.549	62013
13.09.2021 08:00	1.549	1.549	1.539	1.548	34115
13.09.2021 12:00	1.548	1.551	1.544	1.551	43245
13.09.2021 16:00	1.552	1.552	1.538	1.542	59495
14.09.2021 08:00	1.548	1.549	1.54	1.545	22826
14.09.2021 12:00	1.545	1.548	1.537	1.542	38128
14.09.2021 16:00	1.546	1.547	1.532	1.54	31259
15.09.2021 08:00	1.536	1.537	1.531	1.537	30058
15.09.2021 12:00	1.537	1.538	1.529	1.533	51345
15.09.2021 16:00	1.534	1.538	1.53	1.534	49974
16.09.2021 08:00	1.54	1.555	1.534	1.546	230530
16.09.2021 12:00	1.546	1.547	1.538	1.545	77722
16.09.2021 16:00	1.545	1.575	1.528	1.538	249809
17.09.2021 08:00	1.553	1.553	1.54	1.542	20198
17.09.2021 12:00	1.545	1.545	1.535	1.542	49528
17.09.2021 16:00	1.544	1.547	1.526	1.526	68351
20.09.2021 08:00	1.518	1.518	1.503	1.509	110203
20.09.2021 12:00	1.511	1.512	1.499	1.504	115503
20.09.2021 16:00	1.503	1.51	1.498	1.501	70662
21.09.2021 08:00	1.515	1.521	1.507	1.518	47396
21.09.2021 12:00	1.517	1.518	1.51	1.512	44073
21.09.2021 16:00	1.511	1.514	1.496	1.51	110991
22.09.2021 08:00	1.512	1.516	1.505	1.512	25667
22.09.2021 12:00	1.512	1.516	1.509	1.513	46995
22.09.2021 16:00	1.515	1.523	1.511	1.522	30923
23.09.2021 08:00	1.525	1.531	1.525	1.531	82694
23.09.2021 12:00	1.531	1.533	1.522	1.526	75055
23.09.2021 16:00	1.525	1.54	1.522	1.539	39542
23.09.2021 20:00	1.539	1.542	1.534	1.534	22126
24.09.2021 08:00	1.535	1.535	1.525	1.528	38957
24.09.2021 12:00	1.529	1.531	1.525	1.525	39461
24.09.2021 16:00	1.529	1.54	1.522	1.538	41414
24.09.2021 20:00	1.537	1.54	1.531	1.54	8276
27.09.2021 08:00	1.547	1.548	1.539	1.545	33847
27.09.2021 12:00	1.544	1.546	1.527	1.537	61911
27.09.2021 16:00	1.537	1.542	1.528	1.534	60614
27.09.2021 20:00	1.536	1.541	1.53	1.537	6425
28.09.2021 08:00	1.534	1.535	1.519	1.523	38436
28.09.2021 12:00	1.523	1.525	1.513	1.523	78082
28.09.2021 16:00	1.523	1.526	1.5	1.503	46139
28.09.2021 20:00	1.5	1.509	1.496	1.508	11969
29.09.2021 08:00	1.505	1.519	1.505	1.515	29014
29.09.2021 12:00	1.515	1.518	1.504	1.512	33617
29.09.2021 16:00	1.505	1.516	1.503	1.512	40425
29.09.2021 20:00	1.511	1.516	1.502	1.512	8309
30.09.2021 08:00	1.515	1.522	1.51	1.515	29628
30.09.2021 12:00	1.515	1.518	1.508	1.514	24474
30.09.2021 16:00	1.512	1.516	1.491	1.494	85795
30.09.2021 20:00	1.494	1.5	1.482	1.489	34265
01.10.2021 08:00	1.474	1.482	1.464	1.479	169735
01.10.2021 12:00	1.479	1.495	1.474	1.492	94523
01.10.2021 16:00	1.492	1.499	1.476	1.495	72552
01.10.2021 20:00	1.495	1.509	1.491	1.505	71015
04.10.2021 08:00	1.5	1.502	1.489	1.495	47990
04.10.2021 12:00	1.495	1.503	1.491	1.5	82046
04.10.2021 16:00	1.5	1.504	1.474	1.48	67582
04.10.2021 20:00	1.48	1.49	1.478	1.49	39383
05.10.2021 08:00	1.49	1.491	1.481	1.487	62796
05.10.2021 12:00	1.491	1.494	1.483	1.493	45153
05.10.2021 16:00	1.492	1.508	1.485	1.505	40776
05.10.2021 20:00	1.505	1.51	1.5	1.502	22973
06.10.2021 08:00	1.494	1.494	1.482	1.485	34453
06.10.2021 12:00	1.485	1.491	1.474	1.488	53717
06.10.2021 16:00	1.483	1.495	1.472	1.492	319649
06.10.2021 20:00	1.49	1.507	1.484	1.506	14941
07.10.2021 08:00	1.51	1.52	1.505	1.513	23887
07.10.2021 12:00	1.513	1.522	1.507	1.52	31328
07.10.2021 16:00	1.52	1.531	1.514	1.53	43072
07.10.2021 20:00	1.525	1.53	1.52	1.522	27348
08.10.2021 08:00	1.515	1.526	1.511	1.52	14837
08.10.2021 12:00	1.517	1.525	1.515	1.522	23223
08.10.2021 16:00	1.522	1.526	1.516	1.522	23553
08.10.2021 20:00	1.521	1.525	1.517	1.521	5877
11.10.2021 08:00	1.516	1.518	1.502	1.513	79970
11.10.2021 12:00	1.513	1.516	1.507	1.515	38822
11.10.2021 16:00	1.514	1.528	1.514	1.521	38149
11.10.2021 20:00	1.521	1.522	1.5	1.504	15221
12.10.2021 08:00	1.495	1.508	1.494	1.508	57706
12.10.2021 12:00	1.507	1.512	1.5	1.505	131922
12.10.2021 16:00	1.505	1.512	1.5	1.507	36528
12.10.2021 20:00	1.507	1.509	1.492	1.492	19071
13.10.2021 08:00	1.495	1.509	1.494	1.508	32535
13.10.2021 12:00	1.508	1.508	1.498	1.501	73254
13.10.2021 16:00	1.504	1.507	1.494	1.501	27604
13.10.2021 20:00	1.501	1.51	1.5	1.509	9422
14.10.2021 08:00	1.514	1.52	1.509	1.515	20640
14.10.2021 12:00	1.515	1.524	1.511	1.523	52307
14.10.2021 16:00	1.523	1.532	1.52	1.526	36124
14.10.2021 20:00	1.526	1.535	1.523	1.528	23648
15.10.2021 08:00	1.532	1.54	1.532	1.535	30716
15.10.2021 12:00	1.535	1.543	1.532	1.54	49856
15.10.2021 16:00	1.539	1.545	1.537	1.544	23580
15.10.2021 20:00	1.543	1.547	1.536	1.547	30320
18.10.2021 08:00	1.542	1.545	1.533	1.54	17578
18.10.2021 12:00	1.537	1.544	1.531	1.54	72014
18.10.2021 16:00	1.538	1.551	1.53	1.545	31754
18.10.2021 20:00	1.545	1.55	1.54	1.543	17631
19.10.2021 08:00	1.555	1.555	1.543	1.552	18020
19.10.2021 12:00	1.552	1.559	1.546	1.554	31797
19.10.2021 16:00	1.555	1.56	1.552	1.555	30286
19.10.2021 20:00	1.554	1.56	1.554	1.558	13319
20.10.2021 08:00	1.553	1.562	1.553	1.561	15706
20.10.2021 12:00	1.557	1.562	1.555	1.558	21311
20.10.2021 16:00	1.56	1.566	1.555	1.563	69113
20.10.2021 20:00	1.563	1.565	1.557	1.559	10696
21.10.2021 08:00	1.56	1.565	1.555	1.56	21560
21.10.2021 12:00	1.56	1.562	1.555	1.56	24523
21.10.2021 16:00	1.56	1.564	1.556	1.562	23689
21.10.2021 20:00	1.561	1.565	1.559	1.564	20353
22.10.2021 08:00	1.57	1.57	1.56	1.566	30588
22.10.2021 12:00	1.569	1.575	1.565	1.572	41855
22.10.2021 16:00	1.57	1.574	1.559	1.565	50552
22.10.2021 20:00	1.565	1.57	1.561	1.564	23282
25.10.2021 08:00	1.561	1.574	1.561	1.569	22167
25.10.2021 12:00	1.57	1.573	1.563	1.567	39439
25.10.2021 16:00	1.567	1.581	1.565	1.575	40839
25.10.2021 20:00	1.575	1.582	1.574	1.58	25556
26.10.2021 08:00	1.581	1.587	1.574	1.584	70275
26.10.2021 12:00	1.583	1.587	1.579	1.584	77226
26.10.2021 16:00	1.584	1.587	1.573	1.575	62916
26.10.2021 20:00	1.574	1.585	1.573	1.581	14591
27.10.2021 08:00	1.584	1.584	1.573	1.576	31217
27.10.2021 12:00	1.576	1.58	1.571	1.575	45694
27.10.2021 16:00	1.573	1.58	1.571	1.573	43043
27.10.2021 20:00	1.574	1.581	1.565	1.573	68563
28.10.2021 08:00	1.574	1.576	1.565	1.568	22086
28.10.2021 12:00	1.568	1.576	1.567	1.574	38072
28.10.2021 16:00	1.574	1.583	1.572	1.579	35739
28.10.2021 20:00	1.58	1.584	1.576	1.582	14150
29.10.2021 08:00	1.574	1.581	1.57	1.58	28798
29.10.2021 12:00	1.579	1.58	1.572	1.577	40869
29.10.2021 16:00	1.576	1.584	1.574	1.582	48471
29.10.2021 20:00	1.582	1.583	1.574	1.581	17156
01.11.2021 08:00	1.588	1.589	1.58	1.585	43169
01.11.2021 12:00	1.585	1.594	1.584	1.586	76549
01.11.2021 16:00	1.589	1.592	1.582	1.585	46873
01.11.2021 20:00	1.585	1.594	1.584	1.591	18831
02.11.2021 08:00	1.593	1.593	1.582	1.584	29365
02.11.2021 12:00	1.584	1.592	1.582	1.585	40271
02.11.2021 16:00	1.585	1.59	1.58	1.585	97319
02.11.2021 20:00	1.585	1.591	1.583	1.584	8504
03.11.2021 08:00	1.582	1.593	1.582	1.584	7648
03.11.2021 12:00	1.584	1.589	1.583	1.586	20080
03.11.2021 16:00	1.586	1.592	1.582	1.584	11036
03.11.2021 20:00	1.585	1.605	1.583	1.599	56206
05.11.2021 08:00	1.606	1.618	1.606	1.617	62951
05.11.2021 12:00	1.612	1.625	1.611	1.625	117929
05.11.2021 16:00	1.625	1.626	1.617	1.624	52542
05.11.2021 20:00	1.623	1.624	1.609	1.612	19974
08.11.2021 08:00	1.617	1.622	1.61	1.619	68989
08.11.2021 12:00	1.619	1.622	1.614	1.619	67028
08.11.2021 16:00	1.619	1.626	1.614	1.625	29065
08.11.2021 20:00	1.624	1.625	1.616	1.623	18766
09.11.2021 08:00	1.623	1.626	1.613	1.625	36468
09.11.2021 12:00	1.625	1.626	1.613	1.614	46825
09.11.2021 16:00	1.614	1.619	1.605	1.614	43700
09.11.2021 20:00	1.615	1.616	1.602	1.613	69368
10.11.2021 08:00	1.615	1.618	1.605	1.615	20371
10.11.2021 12:00	1.615	1.617	1.61	1.616	106642
10.11.2021 16:00	1.616	1.618	1.601	1.615	38137
10.11.2021 20:00	1.615	1.615	1.588	1.596	32308
11.11.2021 08:00	1.608	1.61	1.601	1.61	31458
11.11.2021 12:00	1.605	1.613	1.604	1.611	25020
11.11.2021 16:00	1.611	1.613	1.604	1.611	33554
11.11.2021 20:00	1.612	1.612	1.604	1.61	12018
12.11.2021 08:00	1.61	1.611	1.596	1.604	115766
12.11.2021 12:00	1.603	1.608	1.601	1.604	50174
12.11.2021 16:00	1.605	1.619	1.603	1.614	46233
12.11.2021 20:00	1.614	1.617	1.605	1.615	36194
15.11.2021 08:00	1.617	1.622	1.611	1.621	50042
15.11.2021 12:00	1.621	1.623	1.614	1.616	49613
15.11.2021 16:00	1.62	1.625	1.612	1.616	40524
15.11.2021 20:00	1.616	1.619	1.613	1.614	15732
16.11.2021 08:00	1.619	1.62	1.61	1.617	63016
16.11.2021 12:00	1.614	1.62	1.611	1.619	39510
16.11.2021 16:00	1.619	1.625	1.614	1.624	53462
16.11.2021 20:00	1.624	1.624	1.62	1.623	22898
17.11.2021 08:00	1.624	1.627	1.615	1.624	36313
17.11.2021 12:00	1.624	1.626	1.615	1.624	27608
17.11.2021 16:00	1.624	1.627	1.613	1.624	51250
17.11.2021 20:00	1.624	1.626	1.615	1.62	11153
18.11.2021 08:00	1.624	1.627	1.616	1.621	50940
18.11.2021 12:00	1.624	1.627	1.616	1.624	59282
18.11.2021 16:00	1.624	1.627	1.609	1.621	55396
18.11.2021 20:00	1.616	1.625	1.616	1.621	10923
19.11.2021 08:00	1.63	1.63	1.623	1.625	31259
19.11.2021 12:00	1.627	1.628	1.614	1.621	39151
19.11.2021 16:00	1.621	1.628	1.614	1.624	53289
19.11.2021 20:00	1.624	1.624	1.614	1.62	18721
22.11.2021 08:00	1.624	1.63	1.62	1.626	30285
22.11.2021 12:00	1.626	1.631	1.62	1.625	78601
22.11.2021 16:00	1.628	1.639	1.623	1.624	272811
22.11.2021 20:00	1.629	1.63	1.624	1.624	17621
23.11.2021 08:00	1.616	1.616	1.604	1.615	88440
23.11.2021 12:00	1.615	1.618	1.607	1.611	53190
23.11.2021 16:00	1.614	1.624	1.598	1.615	65376
23.11.2021 20:00	1.616	1.616	1.6	1.613	39340
24.11.2021 08:00	1.62	1.62	1.61	1.615	23304
24.11.2021 12:00	1.615	1.619	1.604	1.615	37408
24.11.2021 16:00	1.614	1.62	1.605	1.62	37178
24.11.2021 20:00	1.62	1.622	1.609	1.622	40290
25.11.2021 08:00	1.631	1.631	1.62	1.631	14560
25.11.2021 12:00	1.631	1.631	1.624	1.629	55615
25.11.2021 16:00	1.629	1.629	1.616	1.625	16444
25.11.2021 20:00	1.625	1.629	1.624	1.628	9941
26.11.2021 08:00	1.608	1.608	1.582	1.59	103973
26.11.2021 12:00	1.59	1.594	1.583	1.594	85804
26.11.2021 16:00	1.594	1.599	1.579	1.581	39059
26.11.2021 20:00	1.589	1.59	1.578	1.589	21618
29.11.2021 08:00	1.604	1.609	1.594	1.596	69606
29.11.2021 12:00	1.601	1.605	1.594	1.605	45229
29.11.2021 16:00	1.604	1.608	1.592	1.605	71245
29.11.2021 20:00	1.608	1.615	1.602	1.613	16025
30.11.2021 08:00	1.589	1.6	1.582	1.59	43115
30.11.2021 12:00	1.593	1.595	1.578	1.589	64046
30.11.2021 16:00	1.59	1.607	1.574	1.581	67985
30.11.2021 20:00	1.579	1.587	1.572	1.58	33270
01.12.2021 08:00	1.595	1.595	1.583	1.586	38724
01.12.2021 12:00	1.586	1.599	1.584	1.594	50350
01.12.2021 16:00	1.594	1.608	1.588	1.601	142848
01.12.2021 20:00	1.601	1.606	1.57	1.57	62798
02.12.2021 08:00	1.565	1.576	1.562	1.57	37729
02.12.2021 12:00	1.57	1.57	1.553	1.561	72414
02.12.2021 16:00	1.564	1.578	1.55	1.575	86449
02.12.2021 20:00	1.574	1.587	1.572	1.585	27671
03.12.2021 08:00	1.583	1.584	1.571	1.576	15303
03.12.2021 12:00	1.58	1.584	1.57	1.58	63406
03.12.2021 16:00	1.583	1.59	1.553	1.556	88589
03.12.2021 20:00	1.557	1.565	1.552	1.554	26980
06.12.2021 08:00	1.578	1.578	1.565	1.575	40729
06.12.2021 12:00	1.574	1.579	1.558	1.569	74768
06.12.2021 16:00	1.569	1.582	1.564	1.575	29123
06.12.2021 20:00	1.575	1.585	1.575	1.582	17658
07.12.2021 08:00	1.594	1.603	1.587	1.599	33857
07.12.2021 12:00	1.599	1.607	1.595	1.605	52595
07.12.2021 16:00	1.602	1.619	1.601	1.617	36680
07.12.2021 20:00	1.616	1.616	1.606	1.614	14353
08.12.2021 08:00	1.615	1.624	1.611	1.622	31066
08.12.2021 12:00	1.622	1.624	1.612	1.614	31984
08.12.2021 16:00	1.615	1.622	1.605	1.615	42315
08.12.2021 20:00	1.615	1.621	1.611	1.615	15888
09.12.2021 08:00	1.615	1.623	1.612	1.615	16673
09.12.2021 12:00	1.615	1.619	1.61	1.614	40096
09.12.2021 16:00	1.614	1.618	1.608	1.615	21429
09.12.2021 20:00	1.615	1.62	1.611	1.615	9598
10.12.2021 08:00	1.605	1.615	1.605	1.612	22335
10.12.2021 12:00	1.608	1.615	1.605	1.615	27113
10.12.2021 16:00	1.615	1.626	1.607	1.621	77158
10.12.2021 20:00	1.621	1.626	1.612	1.616	6946
13.12.2021 08:00	1.635	1.636	1.62	1.628	33277
13.12.2021 12:00	1.624	1.63	1.622	1.625	81085
13.12.2021 16:00	1.624	1.629	1.605	1.61	50162
13.12.2021 20:00	1.607	1.619	1.606	1.61	13463
14.12.2021 08:00	1.614	1.618	1.608	1.61	30601
14.12.2021 12:00	1.61	1.617	1.599	1.605	53602
14.12.2021 16:00	1.605	1.605	1.587	1.59	47362
14.12.2021 20:00	1.586	1.6	1.584	1.6	23029
15.12.2021 08:00	1.603	1.607	1.595	1.605	11955
15.12.2021 12:00	1.605	1.605	1.592	1.6	23299
15.12.2021 16:00	1.597	1.6	1.584	1.593	33006
15.12.2021 20:00	1.587	1.625	1.585	1.615	72869
16.12.2021 08:00	1.628	1.635	1.62	1.627	35944
16.12.2021 12:00	1.631	1.638	1.626	1.634	36444
16.12.2021 16:00	1.634	1.636	1.611	1.62	44214
16.12.2021 20:00	1.621	1.621	1.598	1.603	47846
17.12.2021 08:00	1.604	1.611	1.604	1.604	21179
17.12.2021 12:00	1.605	1.61	1.596	1.596	38071
17.12.2021 16:00	1.596	1.609	1.584	1.593	34969
17.12.2021 20:00	1.598	1.604	1.59	1.597	5476
20.12.2021 08:00	1.58	1.58	1.563	1.563	34802
20.12.2021 12:00	1.57	1.576	1.56	1.574	65284
20.12.2021 16:00	1.575	1.575	1.556	1.565	79310
20.12.2021 20:00	1.565	1.575	1.559	1.564	39761
21.12.2021 08:00	1.592	1.592	1.584	1.584	17650
21.12.2021 12:00	1.584	1.596	1.577	1.588	115343
21.12.2021 16:00	1.594	1.599	1.58	1.595	33900
21.12.2021 20:00	1.595	1.605	1.594	1.598	27486
22.12.2021 08:00	1.602	1.602	1.594	1.6	17658
22.12.2021 12:00	1.6	1.605	1.595	1.604	28894
22.12.2021 16:00	1.6	1.616	1.593	1.613	34846
22.12.2021 20:00	1.608	1.615	1.604	1.612	25096
23.12.2021 08:00	1.621	1.623	1.614	1.62	15042
23.12.2021 12:00	1.62	1.625	1.617	1.621	18364
23.12.2021 16:00	1.621	1.63	1.619	1.625	48249
23.12.2021 20:00	1.625	1.63	1.618	1.625	17681
24.12.2021 08:00	1.625	1.63	1.617	1.625	24667
24.12.2021 12:00	1.625	1.628	1.615	1.623	54604
24.12.2021 16:00	1.621	1.624	1.613	1.617	16660
24.12.2021 20:00	1.617	1.625	1.616	1.62	2620
27.12.2021 08:00	1.634	1.634	1.622	1.625	30131
27.12.2021 12:00	1.625	1.631	1.624	1.629	55473
27.12.2021 16:00	1.63	1.642	1.627	1.64	56192
27.12.2021 20:00	1.64	1.647	1.634	1.643	62994
28.12.2021 08:00	1.65	1.652	1.641	1.645	65493
28.12.2021 12:00	1.644	1.651	1.642	1.65	96377
28.12.2021 16:00	1.645	1.651	1.642	1.645	75373
28.12.2021 20:00	1.65	1.65	1.634	1.648	38410
29.12.2021 08:00	1.644	1.651	1.64	1.65	26907
29.12.2021 12:00	1.65	1.653	1.641	1.645	62393
29.12.2021 16:00	1.645	1.655	1.644	1.645	41220
29.12.2021 20:00	1.649	1.65	1.644	1.646	10468
30.12.2021 08:00	1.65	1.654	1.645	1.65	19303
30.12.2021 12:00	1.65	1.655	1.65	1.654	43226
30.12.2021 16:00	1.654	1.657	1.646	1.654	63271
30.12.2021 20:00	1.654	1.657	1.646	1.654	55253
03.01.2022 08:00	1.654	1.655	1.632	1.649	64993
03.01.2022 12:00	1.649	1.657	1.644	1.655	35153
03.01.2022 16:00	1.655	1.657	1.635	1.65	122736
03.01.2022 20:00	1.649	1.655	1.645	1.645	9784
04.01.2022 08:00	1.654	1.663	1.648	1.655	14202
04.01.2022 12:00	1.655	1.659	1.652	1.655	34831
04.01.2022 16:00	1.654	1.662	1.643	1.654	65211
04.01.2022 20:00	1.654	1.657	1.645	1.646	87225
05.01.2022 08:00	1.645	1.655	1.643	1.649	40407
05.01.2022 12:00	1.649	1.654	1.645	1.647	43789
05.01.2022 16:00	1.65	1.654	1.643	1.65	37150
05.01.2022 20:00	1.649	1.651	1.625	1.629	40053
06.01.2022 08:00	1.62	1.626	1.613	1.624	61411
06.01.2022 12:00	1.624	1.628	1.616	1.619	55570
06.01.2022 16:00	1.619	1.63	1.607	1.625	45479
06.01.2022 20:00	1.625	1.63	1.616	1.624	21521
10.01.2022 08:00	1.619	1.622	1.606	1.615	58591
10.01.2022 12:00	1.614	1.621	1.604	1.605	96324
10.01.2022 16:00	1.605	1.607	1.581	1.592	74757
10.01.2022 20:00	1.591	1.604	1.583	1.602	52033
11.01.2022 08:00	1.611	1.618	1.604	1.615	52170
11.01.2022 12:00	1.615	1.623	1.614	1.618	85481
11.01.2022 16:00	1.614	1.623	1.601	1.615	60782
11.01.2022 20:00	1.615	1.625	1.614	1.623	22312
12.01.2022 08:00	1.63	1.633	1.622	1.625	31239
12.01.2022 12:00	1.625	1.633	1.624	1.625	46406
12.01.2022 16:00	1.625	1.64	1.622	1.63	50087
12.01.2022 20:00	1.63	1.634	1.624	1.625	13946
13.01.2022 08:00	1.632	1.633	1.624	1.631	24819
13.01.2022 12:00	1.631	1.633	1.623	1.63	49344
13.01.2022 16:00	1.63	1.636	1.618	1.63	101940
13.01.2022 20:00	1.625	1.629	1.613	1.613	178941
14.01.2022 08:00	1.62	1.635	1.605	1.615	31860
14.01.2022 12:00	1.614	1.62	1.599	1.6	56074
14.01.2022 16:00	1.6	1.61	1.588	1.609	44945
14.01.2022 20:00	1.608	1.609	1.588	1.605	37939
17.01.2022 08:00	1.61	1.61	1.6	1.608	78628
17.01.2022 12:00	1.608	1.614	1.604	1.612	29925
17.01.2022 16:00	1.612	1.615	1.604	1.609	23797
17.01.2022 20:00	1.613	1.615	1.605	1.614	12108
18.01.2022 08:00	1.609	1.609	1.59	1.595	28325
18.01.2022 12:00	1.595	1.597	1.585	1.596	95704
18.01.2022 16:00	1.596	1.596	1.577	1.588	167910
18.01.2022 20:00	1.587	1.591	1.576	1.584	49913
19.01.2022 08:00	1.575	1.579	1.562	1.575	77648
19.01.2022 12:00	1.575	1.586	1.572	1.583	62149
19.01.2022 16:00	1.583	1.587	1.569	1.574	46719
19.01.2022 20:00	1.575	1.587	1.57	1.574	28881
20.01.2022 08:00	1.576	1.576	1.558	1.569	28893
20.01.2022 12:00	1.569	1.574	1.561	1.565	67323
20.01.2022 16:00	1.565	1.59	1.564	1.58	56849
20.01.2022 20:00	1.581	1.584	1.555	1.556	41353
21.01.2022 08:00	1.546	1.549	1.532	1.545	60929
21.01.2022 12:00	1.535	1.548	1.53	1.535	50660
21.01.2022 16:00	1.535	1.552	1.52	1.542	123385
21.01.2022 20:00	1.542	1.545	1.52	1.525	54083
24.01.2022 08:00	1.533	1.533	1.514	1.516	115830
24.01.2022 12:00	1.516	1.524	1.498	1.512	143933
24.01.2022 16:00	1.51	1.512	1.461	1.464	286856
24.01.2022 20:00	1.465	1.517	1.452	1.517	105631
25.01.2022 08:00	1.51	1.511	1.492	1.506	50137
25.01.2022 12:00	1.506	1.52	1.498	1.51	82398
25.01.2022 16:00	1.505	1.508	1.478	1.485	70204
25.01.2022 20:00	1.485	1.519	1.477	1.508	46626
26.01.2022 08:00	1.507	1.52	1.495	1.516	24411
26.01.2022 12:00	1.516	1.528	1.514	1.52	75357
26.01.2022 16:00	1.52	1.532	1.51	1.524	100134
26.01.2022 20:00	1.523	1.528	1.48	1.495	78298
27.01.2022 08:00	1.475	1.495	1.474	1.49	43522
27.01.2022 12:00	1.495	1.505	1.489	1.504	62958
27.01.2022 16:00	1.504	1.525	1.5	1.515	158975
27.01.2022 20:00	1.515	1.515	1.481	1.489	47354
28.01.2022 08:00	1.491	1.52	1.485	1.495	256311
28.01.2022 12:00	1.495	1.499	1.477	1.478	58120
28.01.2022 16:00	1.478	1.507	1.475	1.507	85328
28.01.2022 20:00	1.507	1.512	1.494	1.512	22374
31.01.2022 08:00	1.52	1.535	1.52	1.53	43192
31.01.2022 12:00	1.53	1.535	1.514	1.524	63157
31.01.2022 16:00	1.525	1.536	1.513	1.533	79760
31.01.2022 20:00	1.535	1.548	1.533	1.539	35305
01.02.2022 08:00	1.545	1.56	1.543	1.56	59013
01.02.2022 12:00	1.555	1.56	1.544	1.552	46355
01.02.2022 16:00	1.55	1.56	1.542	1.56	48368
01.02.2022 20:00	1.555	1.565	1.554	1.563	10785
02.02.2022 08:00	1.571	1.587	1.569	1.575	28228
02.02.2022 12:00	1.575	1.583	1.574	1.582	25126
02.02.2022 16:00	1.582	1.582	1.554	1.568	65146
02.02.2022 20:00	1.569	1.583	1.564	1.581	19467
03.02.2022 08:00	1.565	1.57	1.555	1.567	25558
03.02.2022 12:00	1.565	1.567	1.553	1.563	46113
03.02.2022 16:00	1.563	1.565	1.551	1.554	19597
03.02.2022 20:00	1.555	1.555	1.535	1.537	15805
04.02.2022 08:00	1.563	1.563	1.55	1.558	19816
04.02.2022 12:00	1.554	1.558	1.533	1.545	41528
04.02.2022 16:00	1.545	1.548	1.53	1.544	38326
04.02.2022 20:00	1.544	1.564	1.54	1.558	22626
07.02.2022 08:00	1.553	1.557	1.543	1.545	20241
07.02.2022 12:00	1.545	1.557	1.543	1.557	25001
07.02.2022 16:00	1.557	1.559	1.543	1.543	35839
07.02.2022 20:00	1.547	1.556	1.541	1.545	24478
08.02.2022 08:00	1.544	1.551	1.54	1.546	20818
08.02.2022 12:00	1.55	1.554	1.54	1.543	38461
08.02.2022 16:00	1.543	1.555	1.535	1.555	49949
08.02.2022 20:00	1.555	1.56	1.549	1.555	23570
09.02.2022 08:00	1.561	1.572	1.554	1.572	24833
09.02.2022 12:00	1.571	1.573	1.564	1.565	114210
09.02.2022 16:00	1.564	1.581	1.564	1.576	49709
09.02.2022 20:00	1.577	1.578	1.573	1.574	16422
10.02.2022 08:00	1.582	1.582	1.57	1.577	17386
10.02.2022 12:00	1.577	1.582	1.57	1.574	81640
10.02.2022 16:00	1.574	1.584	1.552	1.574	54285
10.02.2022 20:00	1.574	1.579	1.545	1.545	28013
11.02.2022 08:00	1.546	1.55	1.534	1.544	21652
11.02.2022 12:00	1.544	1.553	1.54	1.545	77130
11.02.2022 16:00	1.545	1.558	1.538	1.544	51506
11.02.2022 20:00	1.545	1.548	1.541	1.545	2587
