datetime	open	high	low	close	volume
02.03.2020 08:00	101.45	102.75	101.05	102.3	1042
02.03.2020 12:00	102.1	103.5	97.35	99.55	5384
02.03.2020 16:00	98.95	100.25	98.35	99.6	1257
03.03.2020 08:00	102.0	102.0	100.15	101.0	2880
03.03.2020 12:00	101.0	101.6	100.35	100.95	3381
03.03.2020 16:00	101.1	101.5	99.7	100.95	10134
04.03.2020 08:00	101.0	101.0	99.35	100.55	17681
04.03.2020 12:00	100.65	101.4	100.4	101.2	59649
04.03.2020 16:00	101.2	101.35	100.7	100.7	53169
05.03.2020 08:00	101.7	101.95	100.8	101.1	20147
05.03.2020 12:00	100.9	100.95	99.8	100.5	27167
05.03.2020 16:00	100.45	100.5	99.9	100.45	18182
06.03.2020 08:00	99.0	99.05	97.0	97.2	42107
06.03.2020 12:00	97.2	97.7	95.6	96.15	54915
06.03.2020 16:00	96.15	97.25	95.9	97.1	44082
10.03.2020 08:00	90.0	92.0	87.0	89.8	42130
10.03.2020 12:00	89.9	95.3	89.9	93.1	86636
10.03.2020 16:00	92.7	93.1	89.4	89.7	27206
11.03.2020 08:00	90.9	91.45	88.0	90.2	21680
11.03.2020 12:00	90.05	90.05	88.05	88.05	19474
11.03.2020 16:00	88.0	89.7	88.0	89.25	6292
12.03.2020 08:00	86.0	86.2	84.6	85.0	44034
12.03.2020 12:00	84.9	84.95	82.3	83.95	47596
12.03.2020 16:00	84.05	84.05	81.25	81.75	22104
13.03.2020 08:00	83.45	86.25	83.4	83.95	32964
13.03.2020 12:00	84.25	87.2	84.1	86.5	116766
13.03.2020 16:00	86.3	86.7	83.65	84.0	22530
16.03.2020 08:00	85.0	85.0	80.5	80.7	7885
16.03.2020 12:00	80.95	81.3	79.5	79.6	6999
16.03.2020 16:00	79.6	82.35	78.25	81.6	24984
17.03.2020 08:00	83.0	84.05	80.0	80.45	74227
17.03.2020 12:00	80.55	81.2	79.3	80.0	23372
17.03.2020 16:00	80.1	81.3	79.15	81.15	1240
18.03.2020 08:00	79.6	80.05	78.55	78.95	35045
18.03.2020 12:00	79.05	79.1	77.0	77.0	36378
18.03.2020 16:00	77.1	79.3	76.5	77.55	25461
19.03.2020 08:00	76.0	80.3	75.75	80.3	8382
19.03.2020 12:00	80.3	80.45	78.75	80.2	9575
19.03.2020 16:00	80.25	82.65	79.0	82.65	2623
20.03.2020 08:00	86.75	87.5	85.5	87.5	48281
20.03.2020 12:00	87.5	88.0	85.1	85.75	79515
20.03.2020 16:00	86.0	86.35	84.45	84.85	4941
23.03.2020 08:00	80.9	81.55	80.0	80.6	9331
23.03.2020 12:00	81.3	84.5	80.65	82.95	5356
23.03.2020 16:00	83.75	83.8	81.4	81.8	35144
24.03.2020 08:00	83.5	86.1	83.5	85.95	39664
24.03.2020 12:00	85.95	87.1	85.75	86.95	38594
24.03.2020 16:00	86.9	88.05	86.7	87.55	10448
25.03.2020 08:00	90.3	91.25	89.7	90.5	39166
25.03.2020 12:00	90.5	90.95	86.1	88.1	150067
25.03.2020 16:00	87.85	88.65	86.0	88.4	6594
26.03.2020 08:00	88.2	88.55	87.0	88.55	11663
26.03.2020 12:00	88.55	89.0	87.8	88.65	47495
26.03.2020 16:00	88.75	90.5	88.7	90.0	5669
27.03.2020 08:00	90.4	90.4	88.05	88.45	18159
27.03.2020 12:00	88.45	89.05	87.05	87.05	3497
27.03.2020 16:00	87.0	87.15	85.8	86.75	7041
30.03.2020 08:00	87.45	87.45	85.0	86.0	4071
30.03.2020 12:00	86.2	87.6	86.2	87.6	8281
30.03.2020 16:00	87.55	87.8	87.2	87.75	2076
31.03.2020 08:00	88.95	90.65	88.95	90.45	81198
31.03.2020 12:00	90.6	91.0	89.0	89.55	30423
31.03.2020 16:00	89.7	90.4	89.2	90.25	3044
01.04.2020 08:00	88.85	89.95	88.55	89.75	3915
01.04.2020 12:00	89.7	90.05	89.35	89.7	18191
01.04.2020 16:00	89.55	89.85	89.15	89.15	11599
02.04.2020 08:00	91.25	91.85	90.5	90.65	50997
02.04.2020 12:00	90.55	91.15	90.15	90.25	7278
02.04.2020 16:00	90.3	92.45	89.35	91.35	62061
03.04.2020 08:00	92.4	93.3	91.4	93.15	40927
03.04.2020 12:00	93.15	93.85	92.6	93.7	35846
03.04.2020 16:00	93.7	94.25	92.75	93.2	71621
06.04.2020 08:00	95.0	97.0	93.0	93.3	49055
06.04.2020 12:00	93.5	94.2	93.35	94.1	17613
06.04.2020 16:00	94.05	95.3	93.8	94.75	5591
07.04.2020 08:00	95.75	97.0	95.75	96.9	127149
07.04.2020 12:00	96.8	96.95	95.1	95.7	46637
07.04.2020 16:00	95.65	95.7	94.4	94.65	8632
08.04.2020 08:00	93.9	95.5	93.9	94.9	5311
08.04.2020 12:00	94.8	95.4	94.25	95.05	16530
08.04.2020 16:00	95.35	96.0	95.25	96.0	6767
09.04.2020 08:00	96.2	97.6	96.2	97.2	23321
09.04.2020 12:00	97.1	97.45	95.6	96.95	15816
09.04.2020 16:00	97.0	98.15	96.75	97.45	40098
10.04.2020 08:00	98.15	98.15	95.85	96.15	10108
10.04.2020 12:00	96.15	96.5	95.9	96.5	114424
10.04.2020 16:00	96.5	96.8	95.85	96.8	87421
13.04.2020 08:00	96.55	96.55	94.1	94.7	18456
13.04.2020 12:00	94.9	95.45	94.6	95.2	80387
13.04.2020 16:00	95.25	95.6	94.6	95.2	24138
14.04.2020 08:00	96.35	96.5	95.45	95.65	30286
14.04.2020 12:00	95.65	95.9	94.85	95.4	31935
14.04.2020 16:00	95.2	96.2	94.8	94.85	18300
15.04.2020 08:00	94.35	94.35	92.05	92.4	21122
15.04.2020 12:00	92.45	93.8	90.5	90.75	44790
15.04.2020 16:00	90.7	91.25	90.05	90.45	10922
16.04.2020 08:00	91.0	93.0	89.4	91.65	23962
16.04.2020 12:00	91.6	92.4	91.25	92.0	31765
16.04.2020 16:00	91.9	92.15	90.55	91.15	10031
17.04.2020 08:00	91.95	92.6	91.0	91.2	12035
17.04.2020 12:00	91.4	92.4	91.15	92.25	12315
17.04.2020 16:00	92.3	92.3	91.65	92.0	7393
20.04.2020 08:00	92.0	92.2	91.25	91.85	7859
20.04.2020 12:00	91.8	92.05	90.65	90.95	19155
20.04.2020 16:00	90.9	91.6	90.6	91.6	12680
21.04.2020 08:00	90.0	90.55	89.0	90.3	14069
21.04.2020 12:00	90.45	90.45	88.55	88.7	53790
21.04.2020 16:00	88.7	90.4	88.1	90.3	16426
22.04.2020 08:00	90.05	92.1	89.7	92.1	39118
22.04.2020 12:00	91.9	93.5	91.85	93.2	40752
22.04.2020 16:00	93.2	93.4	92.45	93.0	43605
23.04.2020 08:00	94.9	94.9	92.55	93.05	19954
23.04.2020 12:00	92.8	94.2	92.8	94.1	23937
23.04.2020 16:00	94.05	94.95	93.75	94.35	7930
24.04.2020 08:00	93.2	93.85	92.4	92.8	19903
24.04.2020 12:00	92.8	94.0	92.7	94.0	13261
24.04.2020 16:00	94.0	94.0	92.5	92.9	16348
27.04.2020 08:00	93.65	94.0	93.05	93.9	10429
27.04.2020 12:00	93.9	93.95	93.0	93.15	26763
27.04.2020 16:00	93.15	93.55	92.55	93.35	6539
28.04.2020 08:00	93.15	93.7	92.85	93.5	18826
28.04.2020 12:00	93.6	95.15	93.35	95.0	69061
28.04.2020 16:00	94.95	95.4	93.85	94.15	11957
29.04.2020 08:00	94.8	95.65	94.55	95.65	10371
29.04.2020 12:00	95.5	96.05	95.35	96.05	10223
29.04.2020 16:00	96.05	96.4	95.95	96.35	11266
30.04.2020 08:00	97.6	97.65	95.55	95.95	27321
30.04.2020 12:00	95.85	96.45	95.0	95.05	40877
30.04.2020 16:00	95.05	95.95	94.7	95.35	16836
04.05.2020 08:00	94.05	94.6	93.7	94.0	23209
04.05.2020 12:00	93.95	94.8	93.9	94.55	16231
04.05.2020 16:00	94.45	95.2	94.4	94.8	8760
05.05.2020 08:00	96.05	96.05	95.0	95.05	14139
05.05.2020 12:00	95.15	95.8	95.1	95.8	14668
05.05.2020 16:00	95.8	95.85	95.45	95.85	18903
06.05.2020 08:00	95.6	96.15	95.2	96.05	20400
06.05.2020 12:00	96.15	96.4	95.05	95.4	19413
06.05.2020 16:00	95.35	95.6	94.7	94.95	11283
07.05.2020 08:00	94.6	95.45	94.6	95.3	9839
07.05.2020 12:00	95.35	96.0	95.3	95.65	16550
07.05.2020 16:00	95.25	95.45	94.7	94.95	36049
08.05.2020 08:00	95.35	95.35	94.6	94.7	23144
08.05.2020 12:00	95.75	96.5	93.5	94.75	16202
08.05.2020 16:00	95.0	95.5	94.7	95.5	8967
12.05.2020 08:00	95.65	95.65	95.0	95.1	11069
12.05.2020 12:00	95.0	96.0	94.75	95.25	15768
12.05.2020 16:00	95.3	95.85	95.15	95.55	8165
13.05.2020 08:00	94.25	95.05	93.7	94.5	16333
13.05.2020 12:00	94.5	95.0	94.35	94.95	10903
13.05.2020 16:00	94.9	94.9	94.05	94.2	9094
14.05.2020 08:00	93.7	94.4	93.4	94.1	9409
14.05.2020 12:00	94.05	94.55	93.2	93.35	14362
14.05.2020 16:00	93.3	94.1	93.0	94.0	9689
15.05.2020 08:00	95.2	95.4	94.75	95.4	9592
15.05.2020 12:00	95.4	95.4	94.25	94.65	10586
15.05.2020 16:00	94.65	94.75	94.2	94.35	11947
18.05.2020 08:00	95.15	96.35	95.15	96.3	20679
18.05.2020 12:00	96.3	97.0	96.05	97.0	41494
18.05.2020 16:00	97.0	97.75	96.7	97.35	14622
19.05.2020 08:00	97.85	98.6	97.45	98.0	29957
19.05.2020 12:00	98.0	98.25	97.1	97.95	18117
19.05.2020 16:00	97.95	98.3	97.75	98.15	21971
20.05.2020 08:00	97.65	99.9	97.65	99.55	27083
20.05.2020 12:00	99.6	100.3	99.4	100.05	44639
20.05.2020 16:00	100.25	100.4	99.6	100.2	11786
21.05.2020 08:00	100.55	100.95	99.05	99.65	16026
21.05.2020 12:00	99.65	99.65	98.5	98.85	26972
21.05.2020 16:00	98.8	98.95	97.6	98.25	18612
22.05.2020 08:00	97.65	98.15	97.2	98.05	15195
22.05.2020 12:00	97.9	98.45	97.45	98.15	64869
22.05.2020 16:00	98.35	98.4	97.8	98.3	56768
25.05.2020 08:00	98.8	99.35	98.65	99.2	16577
25.05.2020 12:00	99.2	99.5	98.95	99.45	37024
25.05.2020 16:00	99.5	99.9	99.35	99.6	23743
26.05.2020 08:00	100.45	101.15	100.3	101.0	37569
26.05.2020 12:00	101.0	101.0	100.5	100.65	20232
26.05.2020 16:00	100.75	101.0	99.4	99.55	42421
27.05.2020 08:00	99.0	100.4	98.85	100.35	19023
27.05.2020 12:00	100.45	100.6	99.25	99.25	27433
27.05.2020 16:00	99.45	99.7	98.25	99.15	15336
28.05.2020 08:00	100.45	100.45	99.0	100.0	30834
28.05.2020 12:00	100.05	100.65	99.85	100.4	20615
28.05.2020 16:00	100.4	100.6	99.85	100.5	7820
29.05.2020 08:00	99.75	100.05	98.55	98.95	20777
29.05.2020 12:00	98.95	99.35	98.5	98.85	15911
29.05.2020 16:00	98.8	99.1	98.4	98.75	32211
01.06.2020 08:00	99.55	100.5	98.9	99.5	27330
01.06.2020 12:00	99.55	99.85	98.95	99.6	19450
01.06.2020 16:00	99.45	99.85	99.0	99.85	31318
02.06.2020 08:00	99.95	100.9	99.8	100.65	22442
02.06.2020 12:00	100.6	100.9	100.4	100.45	38446
02.06.2020 16:00	100.45	101.4	100.35	101.1	38965
03.06.2020 08:00	101.95	102.15	101.35	101.85	40570
03.06.2020 12:00	101.75	102.0	101.3	101.6	171850
03.06.2020 16:00	101.85	102.75	101.55	102.55	34030
04.06.2020 08:00	102.0	102.2	100.95	100.95	15074
04.06.2020 12:00	100.95	101.2	100.3	100.5	41679
04.06.2020 16:00	100.55	100.75	100.05	100.35	29962
05.06.2020 08:00	100.9	101.45	100.5	101.3	26064
05.06.2020 12:00	101.3	101.4	100.5	101.25	20621
05.06.2020 16:00	101.4	101.55	101.15	101.45	21359
08.06.2020 08:00	101.55	102.1	101.15	102.0	29549
08.06.2020 12:00	102.0	102.45	101.7	101.7	46468
08.06.2020 16:00	101.75	101.9	100.7	101.45	12811
09.06.2020 08:00	102.0	102.0	100.15	100.4	12995
09.06.2020 12:00	100.5	101.2	100.25	100.85	24564
09.06.2020 16:00	100.9	101.5	100.9	101.3	12506
10.06.2020 08:00	101.4	101.7	100.5	100.8	12012
10.06.2020 12:00	100.65	101.7	100.4	101.25	27589
10.06.2020 16:00	101.15	101.4	100.5	100.85	28692
11.06.2020 08:00	100.45	100.45	99.05	99.15	37839
11.06.2020 12:00	99.2	99.55	98.7	98.9	66567
11.06.2020 16:00	99.05	99.4	98.9	99.2	8548
15.06.2020 08:00	96.85	98.85	96.45	98.7	173340
15.06.2020 12:00	98.7	98.85	97.65	97.7	48357
15.06.2020 16:00	97.65	98.6	97.5	98.55	10788
16.06.2020 08:00	98.75	100.65	98.75	100.65	16567
16.06.2020 12:00	100.75	101.2	100.45	101.15	11403
16.06.2020 16:00	101.05	101.15	99.9	100.35	8387
17.06.2020 08:00	100.6	101.0	100.55	100.85	19354
17.06.2020 12:00	100.85	100.85	99.95	100.15	9975
17.06.2020 16:00	100.25	100.4	99.5	99.75	10074
18.06.2020 08:00	99.6	99.8	99.0	99.65	4163
18.06.2020 12:00	99.6	99.65	98.2	98.8	27124
18.06.2020 16:00	98.75	99.45	98.55	99.4	7544
19.06.2020 08:00	100.05	100.65	99.6	100.5	19094
19.06.2020 12:00	100.5	101.0	100.25	100.7	73210
19.06.2020 16:00	100.7	100.75	99.9	100.1	21642
22.06.2020 08:00	100.65	100.7	99.3	100.7	16687
22.06.2020 12:00	100.7	100.85	99.95	100.35	37898
22.06.2020 16:00	100.35	100.85	100.05	100.6	12282
23.06.2020 08:00	101.65	101.7	100.9	101.5	8555
23.06.2020 12:00	101.25	101.85	101.15	101.55	18151
23.06.2020 16:00	101.55	101.9	101.4	101.65	16276
25.06.2020 08:00	100.85	100.9	97.35	100.8	13808
25.06.2020 12:00	100.75	100.9	100.3	100.55	20350
25.06.2020 16:00	100.55	101.2	100.45	100.6	7267
26.06.2020 08:00	101.35	101.6	100.8	101.2	107997
26.06.2020 12:00	101.15	101.6	101.0	101.05	12721
26.06.2020 16:00	101.15	101.35	100.2	100.45	7626
29.06.2020 08:00	100.45	100.75	99.8	100.45	17295
29.06.2020 12:00	100.3	100.8	100.15	100.45	13569
29.06.2020 16:00	100.2	101.0	100.1	100.7	6353
30.06.2020 08:00	101.3	101.3	100.7	101.05	11361
30.06.2020 12:00	100.9	101.05	100.45	100.45	18006
30.06.2020 16:00	100.5	100.8	100.25	100.35	9553
02.07.2020 08:00	100.35	101.45	100.35	101.25	31104
02.07.2020 12:00	101.3	101.65	101.1	101.35	17670
02.07.2020 16:00	101.4	101.75	101.25	101.45	25862
03.07.2020 08:00	101.6	102.0	101.55	101.7	35559
03.07.2020 12:00	101.7	102.0	101.55	102.0	11262
03.07.2020 16:00	101.95	102.2	101.85	102.2	9210
06.07.2020 08:00	103.0	104.2	103.0	103.85	29299
06.07.2020 12:00	103.65	104.0	103.45	103.85	26503
06.07.2020 16:00	103.85	104.0	103.2	103.4	8009
07.07.2020 08:00	105.0	105.0	102.4	103.5	17598
07.07.2020 12:00	103.5	103.5	103.0	103.2	20132
07.07.2020 16:00	103.2	103.4	103.0	103.3	10105
08.07.2020 08:00	103.2	103.2	102.5	102.8	17149
08.07.2020 12:00	102.85	102.9	102.25	102.85	18237
08.07.2020 16:00	102.7	103.0	102.4	102.75	24444
09.07.2020 08:00	102.5	102.55	102.05	102.35	15757
09.07.2020 12:00	102.35	102.45	101.8	102.2	15847
09.07.2020 16:00	102.2	102.5	101.2	101.45	30860
10.07.2020 08:00	101.45	101.8	101.05	101.6	26675
10.07.2020 12:00	101.6	101.75	101.2	101.7	22275
10.07.2020 16:00	101.7	102.1	101.3	101.95	7371
13.07.2020 08:00	103.35	103.8	102.0	102.6	17305
13.07.2020 12:00	102.5	103.0	102.1	102.25	13463
13.07.2020 16:00	102.25	102.45	101.75	101.8	12294
14.07.2020 08:00	101.6	101.7	100.4	100.7	24464
14.07.2020 12:00	100.6	100.8	100.0	100.25	29942
14.07.2020 16:00	100.2	101.3	100.05	101.3	21438
15.07.2020 08:00	101.7	101.7	100.65	101.6	16884
15.07.2020 12:00	101.6	102.15	101.4	101.85	11522
15.07.2020 16:00	101.95	101.95	101.3	101.55	19566
16.07.2020 08:00	101.55	102.85	101.3	102.55	10235
16.07.2020 12:00	102.5	103.0	102.3	102.9	9267
16.07.2020 16:00	102.85	103.3	102.65	103.15	13934
17.07.2020 08:00	103.2	104.0	102.55	103.4	9750
17.07.2020 12:00	103.35	103.6	103.1	103.6	44346
17.07.2020 16:00	103.6	103.75	103.2	103.7	4862
20.07.2020 08:00	103.5	104.0	103.05	103.9	139094
20.07.2020 12:00	103.9	104.35	103.7	104.25	27552
20.07.2020 16:00	104.25	104.75	104.05	104.45	28855
21.07.2020 08:00	104.85	106.25	104.85	106.25	46058
21.07.2020 12:00	106.2	106.4	105.55	105.8	54882
21.07.2020 16:00	105.8	106.05	105.2	105.5	57970
22.07.2020 08:00	105.6	105.95	104.95	105.1	20689
22.07.2020 12:00	105.1	106.15	105.0	105.9	20856
22.07.2020 16:00	106.15	106.2	105.6	106.05	14540
23.07.2020 08:00	106.55	106.95	106.1	106.6	48497
23.07.2020 12:00	106.65	106.95	106.25	106.45	28730
23.07.2020 16:00	106.45	106.55	106.15	106.5	9332
24.07.2020 08:00	105.5	106.2	105.15	105.95	11682
24.07.2020 12:00	106.1	106.55	105.85	106.15	30448
24.07.2020 16:00	106.25	106.7	106.0	106.4	10842
27.07.2020 08:00	107.2	107.75	106.95	107.6	25588
27.07.2020 12:00	107.5	108.05	107.45	107.7	23913
27.07.2020 16:00	107.7	108.0	107.55	107.65	16518
28.07.2020 08:00	107.45	108.45	107.4	107.95	15755
28.07.2020 12:00	107.95	108.05	107.1	107.45	24197
28.07.2020 16:00	107.45	107.95	107.25	107.95	9943
29.07.2020 08:00	108.05	108.55	107.7	108.5	19235
29.07.2020 12:00	108.55	108.75	108.35	108.65	33359
29.07.2020 16:00	108.65	108.7	108.3	108.55	70358
30.07.2020 08:00	108.6	108.85	108.15	108.25	26921
30.07.2020 12:00	108.2	108.4	108.0	108.2	25051
30.07.2020 16:00	108.1	108.2	107.1	107.7	50350
31.07.2020 08:00	107.6	108.8	107.6	108.6	26873
31.07.2020 12:00	108.55	108.55	108.15	108.55	20534
31.07.2020 16:00	108.55	108.7	108.25	108.6	41393
03.08.2020 08:00	109.45	109.45	108.45	109.2	43456
03.08.2020 12:00	109.2	109.7	109.0	109.5	34348
03.08.2020 16:00	109.7	109.8	109.2	109.45	23023
04.08.2020 08:00	109.55	109.85	109.0	109.2	26078
04.08.2020 12:00	109.15	109.5	109.0	109.4	46040
04.08.2020 16:00	109.4	109.7	109.25	109.7	13254
05.08.2020 08:00	109.7	111.35	109.7	111.15	47800
05.08.2020 12:00	111.15	111.55	110.4	111.25	123047
05.08.2020 16:00	111.2	111.75	111.0	111.65	19897
06.08.2020 08:00	111.8	112.05	111.1	111.5	51930
06.08.2020 12:00	111.5	111.75	111.1	111.6	58324
06.08.2020 16:00	111.55	111.8	111.25	111.3	21867
07.08.2020 08:00	111.35	111.6	110.7	110.7	54675
07.08.2020 12:00	110.9	111.1	110.5	111.0	36132
07.08.2020 16:00	111.0	111.15	110.75	111.0	10423
10.08.2020 08:00	111.05	111.75	110.85	111.4	62378
10.08.2020 12:00	111.35	111.5	110.75	111.05	50176
10.08.2020 16:00	111.05	111.1	110.35	110.6	31904
11.08.2020 08:00	110.8	111.6	110.6	111.6	25135
11.08.2020 12:00	111.6	111.7	111.15	111.45	35105
11.08.2020 16:00	111.5	112.3	111.35	112.05	22880
12.08.2020 08:00	112.3	112.35	111.05	112.3	43594
12.08.2020 12:00	112.35	112.5	112.1	112.45	36998
12.08.2020 16:00	112.5	113.4	112.4	113.4	20160
13.08.2020 08:00	113.9	114.4	113.45	114.25	39116
13.08.2020 12:00	114.25	114.8	114.05	114.45	40177
13.08.2020 16:00	114.4	114.75	114.0	114.3	25587
14.08.2020 08:00	114.45	114.55	113.4	113.65	23225
14.08.2020 12:00	113.65	114.3	113.45	113.85	17815
14.08.2020 16:00	113.9	114.1	113.6	114.1	11539
17.08.2020 08:00	114.15	115.15	114.15	114.8	54526
17.08.2020 12:00	114.6	114.8	113.2	113.4	208710
17.08.2020 16:00	113.4	114.1	113.25	113.6	19577
18.08.2020 08:00	113.95	114.5	113.35	113.95	37818
18.08.2020 12:00	114.2	114.2	113.65	113.65	38917
18.08.2020 16:00	113.85	114.1	113.5	113.8	72717
19.08.2020 08:00	113.8	114.1	113.2	114.1	23381
19.08.2020 12:00	114.05	114.55	113.95	114.4	23609
19.08.2020 16:00	114.4	114.4	113.8	114.1	14759
20.08.2020 08:00	113.6	113.6	110.55	112.5	44313
20.08.2020 12:00	112.35	112.75	112.15	112.5	32392
20.08.2020 16:00	112.5	112.5	111.5	111.7	81635
21.08.2020 08:00	111.8	112.7	111.8	112.1	18877
21.08.2020 12:00	112.15	112.45	110.75	111.05	33741
21.08.2020 16:00	110.95	111.8	110.85	111.75	15016
24.08.2020 08:00	111.95	112.75	111.95	112.75	27369
24.08.2020 12:00	112.75	113.0	112.35	112.75	145326
24.08.2020 16:00	112.8	113.2	112.4	112.55	24039
25.08.2020 08:00	112.75	113.55	112.55	112.7	13563
25.08.2020 12:00	112.7	113.0	112.55	112.9	22521
25.08.2020 16:00	112.9	113.0	112.55	112.9	17987
26.08.2020 08:00	112.9	113.45	112.7	113.15	22645
26.08.2020 12:00	113.1	113.25	112.6	112.9	33526
26.08.2020 16:00	112.85	113.55	112.85	113.45	15181
27.08.2020 08:00	113.5	113.75	112.95	113.0	19077
27.08.2020 12:00	112.95	113.05	112.2	112.3	21774
27.08.2020 16:00	112.25	113.6	111.7	112.0	30089
28.08.2020 08:00	112.0	112.3	110.85	111.05	18526
28.08.2020 12:00	111.05	111.7	110.0	111.5	110942
28.08.2020 16:00	111.45	111.7	110.85	111.2	19134
31.08.2020 08:00	111.4	112.3	111.25	112.0	16552
31.08.2020 12:00	112.15	112.2	111.3	111.35	21718
31.08.2020 16:00	111.35	111.55	110.25	110.25	41454
01.09.2020 08:00	110.65	111.35	110.4	111.05	23078
01.09.2020 12:00	111.0	111.5	110.9	111.0	114634
01.09.2020 16:00	111.0	111.3	110.75	111.0	12122
02.09.2020 08:00	111.45	111.7	111.0	111.45	33353
02.09.2020 12:00	111.45	111.85	111.25	111.7	51835
02.09.2020 16:00	111.75	111.9	109.65	110.15	66867
03.09.2020 08:00	110.15	110.45	110.0	110.3	25196
03.09.2020 12:00	110.2	110.45	109.05	109.1	44415
03.09.2020 16:00	109.25	109.75	108.55	108.85	30101
04.09.2020 08:00	108.85	109.75	107.55	109.5	25319
04.09.2020 12:00	109.5	109.5	108.55	109.1	47911
04.09.2020 16:00	109.1	109.45	108.5	109.05	14110
07.09.2020 08:00	108.9	109.85	108.9	109.5	22258
07.09.2020 12:00	109.5	109.5	109.05	109.3	29662
07.09.2020 16:00	109.35	109.6	109.1	109.6	9943
08.09.2020 08:00	109.3	109.85	108.65	108.9	38470
08.09.2020 12:00	108.7	109.05	107.05	107.25	45771
08.09.2020 16:00	107.25	108.0	107.0	107.7	17961
09.09.2020 08:00	107.45	108.2	107.4	107.65	33904
09.09.2020 12:00	107.65	107.85	107.25	107.7	20976
09.09.2020 16:00	107.7	107.85	107.5	107.65	9837
10.09.2020 08:00	107.5	108.0	106.6	106.65	16600
10.09.2020 12:00	106.65	107.45	106.5	107.25	31856
10.09.2020 16:00	107.35	107.9	107.1	107.6	12756
11.09.2020 08:00	107.8	107.8	106.95	107.75	17009
11.09.2020 12:00	107.75	108.45	107.55	108.0	24940
11.09.2020 16:00	108.0	108.5	107.75	108.4	14646
14.09.2020 08:00	108.85	109.45	108.05	109.15	22640
14.09.2020 12:00	109.15	109.5	108.6	108.85	29744
14.09.2020 16:00	108.8	109.5	108.7	109.25	13626
15.09.2020 08:00	109.3	110.2	109.25	109.85	13064
15.09.2020 12:00	110.0	111.0	109.9	110.9	26467
15.09.2020 16:00	110.9	111.0	110.7	111.0	28649
16.09.2020 08:00	111.05	111.4	110.7	110.95	26776
16.09.2020 12:00	110.95	111.1	110.25	110.5	37071
16.09.2020 16:00	110.5	110.8	110.2	110.75	8198
17.09.2020 08:00	110.45	110.45	108.8	110.05	12843
17.09.2020 12:00	110.05	110.4	109.7	110.4	21855
17.09.2020 16:00	110.3	110.8	109.85	110.75	16810
18.09.2020 08:00	110.45	110.9	109.95	110.15	17414
18.09.2020 12:00	110.15	110.55	110.1	110.15	25351
18.09.2020 16:00	110.25	110.5	109.65	109.8	10422
21.09.2020 08:00	109.8	109.8	108.1	108.2	42028
21.09.2020 12:00	108.2	108.5	107.35	107.5	35454
21.09.2020 16:00	107.55	107.6	106.5	106.55	30117
22.09.2020 08:00	106.85	108.6	106.85	108.5	28762
22.09.2020 12:00	108.45	108.65	108.1	108.4	17566
22.09.2020 16:00	108.4	108.6	107.7	107.9	10352
23.09.2020 08:00	108.2	110.4	108.2	110.2	22943
23.09.2020 12:00	110.2	110.8	109.65	110.3	36702
23.09.2020 16:00	110.4	110.6	108.75	109.1	19434
24.09.2020 08:00	108.5	108.55	107.35	107.5	33683
24.09.2020 12:00	107.5	108.8	107.5	107.9	18995
24.09.2020 16:00	108.1	109.1	108.0	108.65	25888
25.09.2020 08:00	108.7	108.8	107.6	108.2	7935
25.09.2020 12:00	108.0	108.2	107.1	107.75	23285
25.09.2020 16:00	107.85	108.4	107.5	108.15	8136
28.09.2020 08:00	108.0	109.5	108.0	108.85	20082
28.09.2020 12:00	109.0	109.7	108.75	109.5	41016
28.09.2020 16:00	109.45	109.8	109.1	109.5	10864
29.09.2020 08:00	109.5	110.0	107.9	108.85	22963
29.09.2020 12:00	108.85	109.45	108.5	108.8	19888
29.09.2020 16:00	108.65	109.05	108.35	108.6	13036
30.09.2020 08:00	108.65	109.1	108.2	108.45	10452
30.09.2020 12:00	108.5	108.9	108.0	108.65	33188
30.09.2020 16:00	108.7	109.1	108.3	108.45	8575
01.10.2020 08:00	109.45	110.6	107.8	108.0	27866
01.10.2020 12:00	107.95	108.55	107.8	108.35	12769
01.10.2020 16:00	108.3	108.5	107.7	107.9	113805
02.10.2020 08:00	107.9	107.9	105.55	105.75	65459
02.10.2020 12:00	105.65	106.4	105.6	106.3	35998
02.10.2020 16:00	106.3	106.85	106.1	106.6	16567
05.10.2020 08:00	106.95	108.8	106.95	107.4	17763
05.10.2020 12:00	107.6	108.35	107.3	108.15	24609
05.10.2020 16:00	108.1	108.7	107.8	108.65	8422
06.10.2020 08:00	108.7	109.6	108.7	109.25	28519
06.10.2020 12:00	109.25	109.85	109.25	109.85	36328
06.10.2020 16:00	109.85	109.85	109.2	109.35	21182
07.10.2020 08:00	109.45	109.45	108.1	108.5	50125
07.10.2020 12:00	108.5	108.5	107.25	107.9	31583
07.10.2020 16:00	107.8	107.85	107.2	107.45	13326
08.10.2020 08:00	107.55	108.2	107.45	107.85	10320
08.10.2020 12:00	107.85	107.9	107.15	107.6	20221
08.10.2020 16:00	107.6	107.75	107.25	107.5	62119
09.10.2020 08:00	107.65	107.75	106.3	106.45	26139
09.10.2020 12:00	106.45	107.35	106.25	107.2	38727
09.10.2020 16:00	107.05	107.4	107.0	107.2	8953
12.10.2020 08:00	107.25	108.2	107.2	108.05	42712
12.10.2020 12:00	107.9	108.35	107.8	108.05	43396
12.10.2020 16:00	108.15	108.2	107.65	107.65	14190
13.10.2020 08:00	108.05	108.3	107.65	108.15	14123
13.10.2020 12:00	108.15	108.3	107.85	107.9	31558
13.10.2020 16:00	107.9	107.9	106.95	107.0	35984
14.10.2020 08:00	107.2	108.1	106.8	108.05	59395
14.10.2020 12:00	108.05	108.05	107.4	108.0	25722
14.10.2020 16:00	108.0	108.2	107.65	108.0	14313
15.10.2020 08:00	108.25	108.25	107.3	107.4	22415
15.10.2020 12:00	107.55	107.6	106.75	106.9	35450
15.10.2020 16:00	106.85	106.85	106.3	106.55	33376
16.10.2020 08:00	106.8	107.05	106.15	106.5	29336
16.10.2020 12:00	106.45	106.6	105.5	106.5	82244
16.10.2020 16:00	106.5	106.6	106.0	106.1	38031
19.10.2020 08:00	106.25	106.5	105.8	105.95	49165
19.10.2020 12:00	106.0	106.15	105.5	105.8	53721
19.10.2020 16:00	105.85	105.95	105.6	105.7	18720
20.10.2020 08:00	105.7	106.1	105.15	105.95	31011
20.10.2020 12:00	105.8	106.75	105.8	106.45	35701
20.10.2020 16:00	106.5	106.7	106.2	106.35	25477
21.10.2020 08:00	106.45	106.9	105.65	105.9	22088
21.10.2020 12:00	105.65	106.25	105.65	105.95	19859
21.10.2020 16:00	105.9	106.1	105.5	106.0	14939
22.10.2020 08:00	105.75	106.3	105.5	106.25	16469
22.10.2020 12:00	106.2	106.7	106.0	106.65	18969
22.10.2020 16:00	106.65	106.7	105.7	106.1	24796
23.10.2020 08:00	106.4	107.0	106.15	106.65	19308
23.10.2020 12:00	106.8	107.1	106.7	107.0	27132
23.10.2020 16:00	106.95	107.05	106.6	106.85	30011
26.10.2020 08:00	107.0	107.0	106.1	106.25	39659
26.10.2020 12:00	106.4	106.7	106.1	106.15	28763
26.10.2020 16:00	106.25	106.3	105.7	105.9	24234
27.10.2020 08:00	106.1	106.1	104.7	104.8	175454
27.10.2020 12:00	104.95	105.1	104.65	104.7	21395
27.10.2020 16:00	104.75	105.05	104.55	104.8	20710
28.10.2020 08:00	104.8	104.8	102.8	102.85	51653
28.10.2020 12:00	102.8	103.15	102.5	102.7	65436
28.10.2020 16:00	102.65	102.75	101.7	102.25	60919
29.10.2020 08:00	102.0	103.6	101.7	101.9	51207
29.10.2020 12:00	101.9	102.75	101.8	102.25	36044
29.10.2020 16:00	102.3	103.35	101.95	103.2	36625
30.10.2020 08:00	102.8	103.75	100.9	102.2	46821
30.10.2020 12:00	102.15	102.7	102.0	102.35	18745
30.10.2020 16:00	102.3	102.4	102.05	102.2	12829
02.11.2020 08:00	102.2	102.5	100.85	102.5	65845
02.11.2020 12:00	102.4	103.9	102.4	103.8	66468
02.11.2020 16:00	103.8	104.0	103.6	103.95	20410
03.11.2020 08:00	103.95	105.6	103.8	105.3	45834
03.11.2020 12:00	105.45	105.7	105.05	105.45	35283
03.11.2020 16:00	105.45	105.95	105.2	105.95	23585
05.11.2020 08:00	106.6	107.95	106.0	107.65	232109
05.11.2020 12:00	107.65	108.15	107.2	108.0	58107
05.11.2020 16:00	108.1	108.8	107.75	108.6	32987
06.11.2020 08:00	108.6	108.65	107.45	108.15	81144
06.11.2020 12:00	108.1	108.55	107.5	108.35	51892
06.11.2020 16:00	108.5	109.6	108.3	109.5	33416
09.11.2020 08:00	109.5	111.05	109.5	110.5	50988
09.11.2020 12:00	110.6	112.4	110.15	112.35	110158
09.11.2020 16:00	112.4	113.25	111.9	113.1	113751
10.11.2020 08:00	112.05	113.35	111.35	113.05	50023
10.11.2020 12:00	113.15	113.8	112.2	113.6	49892
10.11.2020 16:00	113.8	114.0	113.25	113.35	75414
11.11.2020 08:00	113.75	114.9	113.75	114.35	91338
11.11.2020 12:00	114.35	114.9	114.2	114.35	79817
11.11.2020 16:00	114.25	114.55	113.85	113.85	61524
12.11.2020 08:00	114.35	114.35	113.1	113.55	83798
12.11.2020 12:00	113.65	114.55	113.5	113.65	62585
12.11.2020 16:00	113.6	114.8	113.6	114.8	53933
13.11.2020 08:00	114.15	114.9	113.15	114.05	28718
13.11.2020 12:00	113.9	114.45	113.8	114.15	64995
13.11.2020 16:00	114.15	114.5	114.0	114.5	25885
16.11.2020 08:00	114.5	116.4	114.5	115.25	58517
16.11.2020 12:00	115.4	116.25	115.2	115.85	51681
16.11.2020 16:00	115.85	116.6	115.8	116.25	110393
17.11.2020 08:00	116.6	116.6	115.6	115.65	84676
17.11.2020 12:00	115.75	116.0	114.5	115.0	194736
17.11.2020 16:00	115.15	115.45	114.5	115.45	22900
18.11.2020 08:00	115.6	115.8	114.8	115.7	37875
18.11.2020 12:00	115.65	116.6	115.4	116.45	33152
18.11.2020 16:00	116.45	116.7	116.1	116.65	25019
19.11.2020 08:00	116.55	116.55	114.95	115.15	82973
19.11.2020 12:00	115.15	115.85	115.0	115.65	46188
19.11.2020 16:00	115.65	115.75	115.0	115.3	24964
20.11.2020 08:00	115.3	115.7	114.75	115.4	65449
20.11.2020 12:00	115.6	115.7	115.25	115.4	28842
20.11.2020 16:00	115.4	115.65	115.2	115.45	27790
23.11.2020 08:00	115.45	117.0	115.45	116.6	35441
23.11.2020 12:00	116.6	116.6	115.55	116.35	95886
23.11.2020 16:00	116.35	116.35	115.05	115.35	32033
24.11.2020 08:00	115.65	116.5	115.35	115.8	68165
24.11.2020 12:00	115.75	116.25	115.4	116.1	50309
24.11.2020 16:00	116.05	117.1	116.05	117.0	63004
25.11.2020 08:00	117.0	118.65	116.95	118.25	46893
25.11.2020 12:00	118.25	118.55	117.5	118.3	105925
25.11.2020 16:00	118.25	118.65	117.9	118.35	142524
26.11.2020 08:00	118.75	119.7	118.35	118.6	58827
26.11.2020 12:00	118.55	118.65	117.85	118.2	44141
26.11.2020 16:00	118.15	118.65	118.15	118.35	23807
27.11.2020 08:00	118.7	120.85	116.5	118.0	64780
27.11.2020 12:00	118.0	118.6	117.9	118.35	39118
27.11.2020 16:00	118.55	119.0	118.25	118.9	77121
30.11.2020 08:00	118.9	118.9	117.3	118.25	52751
30.11.2020 12:00	118.2	118.25	117.1	117.75	65398
30.11.2020 16:00	117.7	118.05	117.15	117.7	47345
01.12.2020 08:00	118.15	118.95	117.85	118.65	43809
01.12.2020 12:00	118.65	119.15	118.5	119.1	396624
01.12.2020 16:00	119.0	119.55	118.85	119.1	31064
02.12.2020 08:00	119.1	119.6	118.7	119.4	45088
02.12.2020 12:00	119.3	120.0	119.25	119.65	51009
02.12.2020 16:00	119.65	120.55	119.5	120.45	45127
03.12.2020 08:00	120.45	120.7	119.65	119.8	68537
03.12.2020 12:00	119.85	120.1	119.5	119.95	64676
03.12.2020 16:00	119.95	120.0	118.9	119.55	33936
04.12.2020 08:00	120.0	120.95	119.75	120.45	49565
04.12.2020 12:00	120.55	120.75	120.1	120.5	76482
04.12.2020 16:00	120.4	120.45	119.9	120.4	40634
07.12.2020 08:00	120.4	121.3	119.75	120.4	70394
07.12.2020 12:00	120.3	121.0	120.05	120.85	53137
07.12.2020 16:00	120.85	120.95	120.25	120.55	157586
08.12.2020 08:00	120.9	120.9	119.7	120.8	45207
08.12.2020 12:00	120.75	120.9	120.0	120.2	73787
08.12.2020 16:00	120.25	120.45	119.05	120.1	33834
09.12.2020 08:00	120.0	121.5	120.0	121.35	67538
09.12.2020 12:00	121.3	121.7	120.9	121.6	109434
09.12.2020 16:00	121.5	122.1	121.3	121.7	30355
10.12.2020 08:00	121.6	121.7	120.55	121.55	36420
10.12.2020 12:00	121.65	122.15	121.65	121.95	41376
10.12.2020 16:00	122.0	123.15	121.6	122.9	45656
11.12.2020 08:00	122.95	123.9	122.8	123.15	75798
11.12.2020 12:00	123.15	123.7	122.75	123.15	46974
11.12.2020 16:00	123.1	123.95	123.0	123.8	25815
14.12.2020 08:00	124.2	125.35	121.75	124.9	99605
14.12.2020 12:00	124.8	125.3	124.3	125.15	77433
14.12.2020 16:00	125.25	125.3	122.8	123.25	85487
15.12.2020 08:00	123.0	123.95	122.3	123.95	56352
15.12.2020 12:00	123.8	124.2	123.3	123.3	73312
15.12.2020 16:00	123.35	123.65	122.35	122.55	20216
16.12.2020 08:00	123.2	123.9	123.0	123.55	31849
16.12.2020 12:00	123.55	123.85	123.2	123.75	65955
16.12.2020 16:00	123.8	123.85	122.65	123.5	30729
17.12.2020 08:00	123.55	124.95	121.0	124.75	82591
17.12.2020 12:00	124.7	125.5	123.95	125.25	62678
17.12.2020 16:00	125.4	125.4	124.15	124.35	37452
18.12.2020 08:00	124.55	124.55	122.8	123.2	43179
18.12.2020 12:00	123.25	124.9	122.95	123.55	1016826
18.12.2020 16:00	123.4	124.0	123.4	123.75	19538
21.12.2020 08:00	124.3	124.3	122.2	122.45	296433
21.12.2020 12:00	122.45	122.55	120.2	120.95	110209
21.12.2020 16:00	120.95	121.05	120.1	120.8	39086
22.12.2020 08:00	120.95	122.85	120.2	122.6	43473
22.12.2020 12:00	122.6	123.0	122.1	122.8	34748
22.12.2020 16:00	122.75	123.15	122.7	122.75	53368
23.12.2020 08:00	122.85	123.2	122.0	122.65	45367
23.12.2020 12:00	122.8	123.05	122.5	122.6	33727
23.12.2020 16:00	122.5	123.4	122.5	123.25	123551
24.12.2020 08:00	123.4	123.8	122.65	122.9	53683
24.12.2020 12:00	122.9	123.1	122.55	122.9	47123
24.12.2020 16:00	122.85	122.9	122.5	122.8	22446
25.12.2020 08:00	122.8	122.9	122.5	122.65	22375
25.12.2020 12:00	122.8	123.05	122.55	123.0	46257
25.12.2020 16:00	123.0	123.3	122.85	123.3	16481
28.12.2020 08:00	124.05	124.05	123.3	123.9	47691
28.12.2020 12:00	123.85	124.05	123.4	123.7	69328
28.12.2020 16:00	123.7	123.95	123.55	123.9	22680
29.12.2020 08:00	123.8	124.55	123.75	124.15	27083
29.12.2020 12:00	124.1	124.45	124.0	124.35	38511
29.12.2020 16:00	124.3	124.55	124.05	124.45	38296
30.12.2020 08:00	124.45	124.95	124.25	124.6	55705
30.12.2020 12:00	124.7	125.05	124.5	124.9	75175
30.12.2020 16:00	124.9	125.2	124.8	125.2	73255
04.01.2021 08:00	125.2	126.8	125.2	126.65	69048
04.01.2021 12:00	126.7	127.2	126.6	126.8	61399
04.01.2021 16:00	126.9	127.5	126.85	127.2	26856
05.01.2021 08:00	127.0	127.9	125.4	126.7	62047
05.01.2021 12:00	126.7	127.25	126.7	127.2	50904
05.01.2021 16:00	127.15	128.0	126.8	127.8	36666
06.01.2021 08:00	127.95	128.5	127.2	127.5	62532
06.01.2021 12:00	127.5	128.3	127.05	127.6	37671
06.01.2021 16:00	127.6	128.1	127.5	128.05	32036
08.01.2021 08:00	128.3	130.85	128.05	130.4	79994
08.01.2021 12:00	130.55	131.25	130.35	131.1	76538
08.01.2021 16:00	131.2	132.0	131.15	131.5	33907
11.01.2021 08:00	131.2	133.6	130.4	133.6	128969
11.01.2021 12:00	133.55	133.6	132.6	133.25	297311
11.01.2021 16:00	133.2	133.2	131.05	132.65	51926
12.01.2021 08:00	132.65	133.9	132.65	133.2	81490
12.01.2021 12:00	133.15	133.45	132.75	133.0	91994
12.01.2021 16:00	133.0	133.0	131.4	132.0	34712
13.01.2021 08:00	132.55	134.55	132.0	132.1	85990
13.01.2021 12:00	132.05	132.6	131.7	131.8	67106
13.01.2021 16:00	131.85	132.05	131.05	132.0	49147
14.01.2021 08:00	132.0	132.3	130.7	132.25	65754
14.01.2021 12:00	132.25	133.1	131.75	132.65	187463
14.01.2021 16:00	132.7	133.5	132.25	133.0	53804
15.01.2021 08:00	132.6	133.6	131.6	133.0	51328
15.01.2021 12:00	132.9	133.5	132.1	132.25	130449
15.01.2021 16:00	132.25	132.4	131.2	131.35	46589
18.01.2021 08:00	131.35	131.35	129.75	130.65	217810
18.01.2021 12:00	130.9	132.25	130.7	132.0	57290
18.01.2021 16:00	132.0	132.2	131.55	132.1	55430
19.01.2021 08:00	132.15	132.95	132.0	132.1	51240
19.01.2021 12:00	132.1	132.5	131.7	131.95	42964
19.01.2021 16:00	131.75	132.0	131.0	131.3	40358
20.01.2021 08:00	131.4	132.45	131.15	132.05	64555
20.01.2021 12:00	132.3	132.35	131.8	131.8	67470
20.01.2021 16:00	131.75	132.5	131.7	132.0	48914
21.01.2021 08:00	132.5	132.95	129.6	129.8	92566
21.01.2021 12:00	129.8	130.6	129.6	130.35	84999
21.01.2021 16:00	130.25	130.75	129.8	130.0	30289
22.01.2021 08:00	130.2	130.2	127.7	128.1	126323
22.01.2021 12:00	128.1	128.55	127.75	128.15	129506
22.01.2021 16:00	128.15	129.85	127.8	128.75	88469
25.01.2021 08:00	128.75	130.4	128.75	129.65	176711
25.01.2021 12:00	129.65	130.2	129.35	129.6	63978
25.01.2021 16:00	129.6	129.6	128.75	129.25	55537
26.01.2021 08:00	129.3	129.35	128.2	129.15	43474
26.01.2021 12:00	129.2	129.5	128.6	128.95	51048
26.01.2021 16:00	129.0	129.1	128.3	128.8	41724
27.01.2021 08:00	128.85	129.6	128.85	128.95	48193
27.01.2021 12:00	128.95	129.4	127.35	127.6	56449
27.01.2021 16:00	127.55	127.9	126.75	127.3	58012
28.01.2021 08:00	127.2	127.2	125.75	126.2	112576
28.01.2021 12:00	126.2	126.9	125.9	126.6	46660
28.01.2021 16:00	126.6	127.8	126.45	127.1	46046
29.01.2021 08:00	127.1	127.1	125.45	125.75	104828
29.01.2021 12:00	125.75	126.05	125.25	125.4	61428
29.01.2021 16:00	125.35	125.45	124.4	124.6	88132
01.02.2021 08:00	124.65	125.3	124.2	125.3	105622
01.02.2021 12:00	125.3	125.75	124.9	125.75	91721
01.02.2021 16:00	125.7	125.75	125.2	125.3	56523
02.02.2021 08:00	125.95	127.05	125.6	126.6	96411
02.02.2021 12:00	126.45	127.7	126.45	127.5	61235
02.02.2021 16:00	127.5	128.05	127.45	127.95	45920
03.02.2021 08:00	127.35	128.45	126.7	127.95	144248
03.02.2021 12:00	127.95	127.95	127.0	127.5	70743
03.02.2021 16:00	127.45	127.8	127.1	127.35	44363
04.02.2021 08:00	127.55	128.6	127.35	128.4	73401
04.02.2021 12:00	128.4	128.7	128.0	128.15	108084
04.02.2021 16:00	128.0	128.6	128.0	128.2	39954
05.02.2021 08:00	129.05	129.4	128.25	129.05	68486
05.02.2021 12:00	129.05	129.35	128.3	128.45	130237
05.02.2021 16:00	128.4	128.9	128.0	128.9	52300
08.02.2021 08:00	129.65	130.8	128.9	130.5	89080
08.02.2021 12:00	130.6	130.7	130.25	130.5	52661
08.02.2021 16:00	130.45	131.05	130.35	130.9	29704
09.02.2021 08:00	131.6	131.75	130.65	130.9	89871
09.02.2021 12:00	130.85	130.9	130.2	130.75	78504
09.02.2021 16:00	130.85	130.85	130.15	130.25	42430
10.02.2021 08:00	130.6	131.45	129.4	129.75	48056
10.02.2021 12:00	129.75	130.1	129.5	130.1	71001
10.02.2021 16:00	130.1	130.5	129.0	129.35	41103
11.02.2021 08:00	129.5	129.8	128.8	129.5	64852
11.02.2021 12:00	129.5	129.7	128.8	129.0	54430
11.02.2021 16:00	129.05	129.85	128.95	129.65	17901
12.02.2021 08:00	129.8	129.9	127.15	127.45	51776
12.02.2021 12:00	127.45	128.8	127.4	128.75	51983
12.02.2021 16:00	128.7	129.95	128.5	129.9	34259
15.02.2021 08:00	130.25	133.25	129.0	131.65	152788
15.02.2021 12:00	131.6	131.95	131.3	131.9	59598
15.02.2021 16:00	131.95	132.35	131.75	132.3	112411
16.02.2021 08:00	132.55	133.2	132.05	132.7	57041
16.02.2021 12:00	132.7	133.3	132.2	133.1	92389
16.02.2021 16:00	133.15	133.15	132.3	132.95	59338
17.02.2021 08:00	133.1	133.5	132.4	133.1	48470
17.02.2021 12:00	133.0	133.2	132.3	133.1	181317
17.02.2021 16:00	133.1	133.2	130.5	130.85	58445
18.02.2021 08:00	131.2	132.15	130.6	131.15	71120
18.02.2021 12:00	131.15	131.25	130.25	130.45	56136
18.02.2021 16:00	130.5	130.55	129.0	129.6	56411
19.02.2021 08:00	129.6	129.6	128.05	129.0	1294758
19.02.2021 12:00	129.0	130.1	128.85	130.1	62172
19.02.2021 16:00	130.0	131.2	129.8	130.95	18561
20.02.2021 08:00	130.95	131.25	130.3	130.75	19690
20.02.2021 12:00	130.7	130.8	130.2	130.65	82467
20.02.2021 16:00	130.6	130.9	130.4	130.8	17202
22.02.2021 08:00	131.05	131.1	129.35	129.55	329446
22.02.2021 12:00	129.75	130.65	129.55	130.2	20270
22.02.2021 16:00	130.4	130.75	130.0	130.2	57430
24.02.2021 08:00	130.4	130.4	129.25	129.75	31917
24.02.2021 12:00	129.65	129.85	129.25	129.3	53832
24.02.2021 16:00	129.35	129.55	128.3	128.45	33711
25.02.2021 08:00	129.0	130.1	128.8	129.35	29031
25.02.2021 12:00	129.35	129.65	128.95	129.25	42455
25.02.2021 16:00	129.1	129.8	128.75	129.6	32006
26.02.2021 08:00	129.6	129.75	126.65	128.2	59533
26.02.2021 12:00	128.15	128.3	127.2	127.55	62068
26.02.2021 16:00	127.45	128.0	126.6	127.0	61366
01.03.2021 08:00	127.3	128.1	127.1	127.85	288696
01.03.2021 12:00	127.85	128.2	127.2	128.2	96110
01.03.2021 16:00	128.1	128.8	127.8	128.5	34501
02.03.2021 08:00	128.5	129.0	128.1	128.75	29149
02.03.2021 12:00	128.75	129.6	128.5	129.5	41259
02.03.2021 16:00	129.45	129.8	128.8	129.3	21377
03.03.2021 08:00	129.5	130.9	129.5	130.6	48181
03.03.2021 12:00	130.55	131.05	130.45	130.45	56859
03.03.2021 16:00	130.55	130.6	129.4	129.65	74550
04.03.2021 08:00	129.8	130.25	128.3	128.4	51794
04.03.2021 12:00	128.45	129.0	127.75	128.75	53327
04.03.2021 16:00	128.75	129.65	128.55	129.15	23539
05.03.2021 08:00	129.15	129.15	127.75	128.35	29203
05.03.2021 12:00	128.4	130.0	127.95	129.6	63042
05.03.2021 16:00	129.7	130.2	129.25	129.65	39672
09.03.2021 08:00	129.45	131.7	129.45	131.55	54183
09.03.2021 12:00	131.6	132.5	131.4	132.05	136692
09.03.2021 16:00	132.05	132.45	131.75	132.25	55522
10.03.2021 08:00	132.2	133.25	131.65	133.15	112900
10.03.2021 12:00	133.15	133.4	131.5	131.8	74244
10.03.2021 16:00	132.0	132.2	131.1	131.2	59053
11.03.2021 08:00	131.25	132.8	131.25	132.05	31539
11.03.2021 12:00	132.05	132.5	131.9	132.25	32557
11.03.2021 16:00	132.3	133.05	132.3	133.0	68544
12.03.2021 08:00	133.2	134.1	133.0	133.6	57913
12.03.2021 12:00	133.6	133.95	133.35	133.75	42054
12.03.2021 16:00	133.85	134.3	133.35	133.95	70618
15.03.2021 08:00	134.6	136.4	134.05	136.2	90345
15.03.2021 12:00	136.2	136.5	135.7	136.0	129213
15.03.2021 16:00	135.85	136.4	135.75	135.95	61811
16.03.2021 08:00	136.6	137.15	134.65	135.05	51690
16.03.2021 12:00	134.95	135.7	134.65	134.95	69158
16.03.2021 16:00	134.95	136.25	134.5	136.25	39797
17.03.2021 08:00	136.25	136.35	134.6	134.7	26451
17.03.2021 12:00	134.7	134.8	133.15	133.4	87421
17.03.2021 16:00	133.5	133.85	132.75	133.1	35237
18.03.2021 08:00	134.2	134.9	133.2	133.3	23521
18.03.2021 12:00	133.3	134.05	133.0	134.0	28034
18.03.2021 16:00	134.05	134.05	132.7	133.2	18451
19.03.2021 08:00	133.25	133.6	130.75	132.5	48464
19.03.2021 12:00	132.55	132.7	131.7	132.05	61292
19.03.2021 16:00	132.05	132.35	131.15	131.8	40432
22.03.2021 08:00	132.4	132.8	131.6	132.55	65345
22.03.2021 12:00	132.45	132.7	132.1	132.5	41658
22.03.2021 16:00	132.5	132.65	132.2	132.3	38305
23.03.2021 08:00	132.3	132.3	131.2	131.45	29239
23.03.2021 12:00	131.3	131.75	131.1	131.4	50234
23.03.2021 16:00	131.45	132.1	131.05	131.45	40615
24.03.2021 08:00	132.0	132.0	130.75	131.45	77754
24.03.2021 12:00	131.45	131.9	131.05	131.3	59878
24.03.2021 16:00	131.35	132.5	131.2	132.4	33939
25.03.2021 08:00	132.45	132.45	131.1	131.65	26792
25.03.2021 12:00	131.65	131.75	130.5	130.8	56240
25.03.2021 16:00	130.8	131.2	130.25	130.75	51822
26.03.2021 08:00	131.35	132.65	130.8	132.4	57006
26.03.2021 12:00	132.4	132.65	132.0	132.4	104579
26.03.2021 16:00	132.4	132.85	132.3	132.5	44081
29.03.2021 08:00	132.55	134.0	132.55	133.9	43643
29.03.2021 12:00	133.8	134.3	133.6	133.9	69861
29.03.2021 16:00	134.15	134.15	133.25	133.7	72494
30.03.2021 08:00	134.6	134.8	133.9	134.15	30286
30.03.2021 12:00	134.05	134.1	132.95	133.5	90301
30.03.2021 16:00	133.5	133.7	133.05	133.65	26754
31.03.2021 08:00	133.8	134.0	133.35	133.65	28908
31.03.2021 12:00	133.6	133.95	133.35	133.75	78514
31.03.2021 16:00	133.65	134.5	133.55	134.4	27495
01.04.2021 08:00	134.15	135.85	133.35	135.55	52047
01.04.2021 12:00	135.45	135.6	134.55	135.15	53706
01.04.2021 16:00	135.2	135.4	133.95	134.15	26594
02.04.2021 08:00	134.7	135.6	134.4	134.75	31199
02.04.2021 12:00	134.7	135.25	134.65	135.1	44321
02.04.2021 16:00	135.0	135.4	135.0	135.2	26998
05.04.2021 08:00	135.25	135.25	133.5	134.05	82511
05.04.2021 12:00	134.1	134.3	133.65	134.0	62165
05.04.2021 16:00	134.0	134.05	133.65	133.8	23334
06.04.2021 08:00	134.5	134.5	133.2	133.5	50700
06.04.2021 12:00	133.65	133.7	132.3	132.5	37280
06.04.2021 16:00	132.5	133.3	132.5	132.85	35840
07.04.2021 08:00	132.8	133.2	131.5	133.1	38638
07.04.2021 12:00	133.1	133.45	132.7	133.35	41340
07.04.2021 16:00	133.4	133.6	132.8	132.9	64605
08.04.2021 08:00	133.0	134.0	133.0	133.4	59540
08.04.2021 12:00	133.3	133.55	132.95	133.25	40936
08.04.2021 16:00	133.25	133.5	132.8	133.25	26939
09.04.2021 08:00	133.4	133.7	132.6	133.0	33175
09.04.2021 12:00	132.95	133.25	132.25	132.45	43216
09.04.2021 16:00	132.45	132.65	132.25	132.55	35368
12.04.2021 08:00	132.7	134.0	132.0	133.7	52384
12.04.2021 12:00	133.8	134.45	133.7	133.95	89528
12.04.2021 16:00	134.0	134.2	133.45	133.75	60692
13.04.2021 08:00	134.2	134.2	133.45	133.7	66388
13.04.2021 12:00	133.8	134.2	133.5	133.95	40702
13.04.2021 16:00	133.95	134.4	133.35	134.0	40197
14.04.2021 08:00	134.35	135.4	134.0	135.2	80035
14.04.2021 12:00	135.2	135.45	134.5	135.15	40557
14.04.2021 16:00	135.0	135.45	134.5	135.3	64550
15.04.2021 08:00	135.45	135.45	134.0	134.75	43683
15.04.2021 12:00	134.8	135.65	134.3	135.0	62288
15.04.2021 16:00	135.0	135.15	134.55	134.95	20799
16.04.2021 08:00	134.9	135.9	134.9	135.8	26381
16.04.2021 12:00	135.8	136.45	135.5	136.2	98801
16.04.2021 16:00	136.2	136.5	135.65	136.35	59172
19.04.2021 08:00	136.35	136.95	135.95	136.3	44509
19.04.2021 12:00	136.3	136.7	136.15	136.4	52653
19.04.2021 16:00	136.35	136.45	135.2	135.45	37403
20.04.2021 08:00	136.1	136.5	135.7	136.0	47030
20.04.2021 12:00	136.0	136.2	134.75	135.1	55781
20.04.2021 16:00	135.2	135.65	134.2	134.5	57530
21.04.2021 08:00	135.35	135.5	134.65	135.15	41378
21.04.2021 12:00	135.15	135.4	134.55	134.9	63319
21.04.2021 16:00	134.8	135.35	134.55	135.35	25870
22.04.2021 08:00	135.6	135.9	135.1	135.3	107068
22.04.2021 12:00	135.3	136.8	135.0	136.75	60025
22.04.2021 16:00	136.65	136.7	135.9	136.65	50757
23.04.2021 08:00	136.95	136.95	135.75	136.15	40998
23.04.2021 12:00	136.15	136.5	135.65	136.45	36562
23.04.2021 16:00	136.45	136.45	136.0	136.35	61133
26.04.2021 08:00	136.35	137.05	136.15	136.5	32491
26.04.2021 12:00	136.4	136.95	136.35	136.7	56986
26.04.2021 16:00	136.6	137.2	136.5	137.2	22637
27.04.2021 08:00	137.2	137.75	137.2	137.65	25087
27.04.2021 12:00	137.65	137.8	137.3	137.4	51808
27.04.2021 16:00	137.4	137.4	136.2	136.6	38101
28.04.2021 08:00	137.5	137.55	135.9	136.2	32620
28.04.2021 12:00	136.2	136.35	135.0	135.8	69215
28.04.2021 16:00	136.0	136.4	135.7	136.05	18305
29.04.2021 08:00	136.5	139.35	136.05	136.45	38489
29.04.2021 12:00	136.45	136.5	135.45	136.35	44050
29.04.2021 16:00	136.3	136.4	135.25	135.65	48585
30.04.2021 08:00	135.75	136.0	135.0	135.2	45806
30.04.2021 12:00	135.3	135.6	134.3	134.45	73420
30.04.2021 16:00	134.45	135.0	134.1	134.5	54063
04.05.2021 08:00	135.0	136.4	135.0	136.3	36333
04.05.2021 12:00	136.3	136.45	135.95	136.05	30339
04.05.2021 16:00	136.05	136.25	135.5	136.0	16101
05.05.2021 08:00	136.55	137.45	136.05	137.45	50197
05.05.2021 12:00	137.45	137.85	137.35	137.8	44605
05.05.2021 16:00	137.8	138.45	137.65	138.2	17800
06.05.2021 08:00	139.4	139.4	137.85	138.85	40792
06.05.2021 12:00	138.8	138.85	138.35	138.75	62098
06.05.2021 16:00	138.75	139.0	138.3	138.95	27721
07.05.2021 08:00	139.3	140.0	139.3	139.95	67485
07.05.2021 12:00	139.85	140.35	139.6	140.3	28125
07.05.2021 16:00	140.25	140.35	139.7	139.9	19119
10.05.2021 08:00	139.9	140.4	139.8	140.2	49694
10.05.2021 12:00	140.1	141.35	140.05	141.2	35447
10.05.2021 16:00	141.35	141.35	140.25	140.55	23373
11.05.2021 08:00	140.55	140.55	139.55	139.75	74695
11.05.2021 12:00	139.65	140.6	139.35	139.45	88516
11.05.2021 16:00	139.45	140.4	139.3	140.2	50000
12.05.2021 08:00	140.3	141.0	140.0	140.4	30191
12.05.2021 12:00	140.4	140.65	139.95	140.05	78989
12.05.2021 16:00	140.2	140.5	140.0	140.4	17428
13.05.2021 08:00	140.4	140.4	138.25	138.55	73815
13.05.2021 12:00	138.65	139.7	138.55	139.5	46183
13.05.2021 16:00	139.4	140.0	139.1	140.0	20818
14.05.2021 08:00	140.0	140.7	139.65	139.9	61433
14.05.2021 12:00	140.0	140.25	139.65	139.8	55013
14.05.2021 16:00	139.95	140.0	139.35	139.8	38279
17.05.2021 08:00	140.0	140.55	139.25	139.6	35417
17.05.2021 12:00	139.6	139.65	139.05	139.4	27366
17.05.2021 16:00	139.4	140.15	139.3	140.0	31146
18.05.2021 08:00	140.0	142.15	140.0	141.6	72106
18.05.2021 12:00	141.55	142.0	141.5	141.6	64769
18.05.2021 16:00	141.55	141.65	141.05	141.65	103679
19.05.2021 08:00	141.65	142.05	140.15	140.25	54936
19.05.2021 12:00	140.3	140.55	139.6	139.7	43955
19.05.2021 16:00	139.7	139.9	139.0	139.7	54185
20.05.2021 08:00	141.15	141.15	139.0	139.15	43502
20.05.2021 12:00	139.15	139.3	138.3	139.2	67734
20.05.2021 16:00	139.25	139.75	139.0	139.7	39400
21.05.2021 08:00	140.0	140.0	139.0	139.45	32620
21.05.2021 12:00	139.4	140.75	139.4	140.6	39887
21.05.2021 16:00	140.55	140.7	140.15	140.55	33080
24.05.2021 08:00	140.7	141.0	140.2	140.4	42011
24.05.2021 12:00	140.35	140.8	140.15	140.4	74530
24.05.2021 16:00	140.35	140.8	140.3	140.7	10893
25.05.2021 08:00	140.7	141.45	140.7	141.25	40097
25.05.2021 12:00	141.25	141.7	141.0	141.3	75133
25.05.2021 16:00	141.3	141.7	141.0	141.35	73349
26.05.2021 08:00	142.15	142.65	141.5	142.4	54630
26.05.2021 12:00	142.4	142.5	142.0	142.4	59960
26.05.2021 16:00	142.4	142.5	142.05	142.45	36980
27.05.2021 08:00	142.45	142.6	141.9	142.45	44110
27.05.2021 12:00	142.4	143.0	142.3	142.9	49053
27.05.2021 16:00	142.8	143.6	142.8	143.3	47707
28.05.2021 08:00	143.55	144.4	143.35	143.55	129343
28.05.2021 12:00	143.55	143.65	143.05	143.1	52912
28.05.2021 16:00	143.15	143.7	143.1	143.4	30494
31.05.2021 08:00	143.75	143.9	143.15	143.65	52039
31.05.2021 12:00	143.65	143.8	143.5	143.75	60942
31.05.2021 16:00	143.75	143.8	143.2	143.45	48755
01.06.2021 08:00	143.55	145.5	143.55	145.35	50201
01.06.2021 12:00	145.35	146.1	145.2	145.75	196213
01.06.2021 16:00	145.75	146.05	145.05	145.35	51889
02.06.2021 08:00	145.35	146.0	145.35	145.7	108395
02.06.2021 12:00	145.7	145.95	145.45	145.75	85273
02.06.2021 16:00	145.8	147.05	145.75	147.0	39310
03.06.2021 08:00	147.45	148.1	146.75	147.05	150488
03.06.2021 12:00	147.05	147.1	145.75	146.45	79425
03.06.2021 16:00	146.45	147.0	145.95	146.75	47364
04.06.2021 08:00	147.0	147.15	145.7	145.7	68095
04.06.2021 12:00	145.75	147.0	145.5	146.85	78078
04.06.2021 16:00	146.9	147.45	146.85	147.1	48609
07.06.2021 08:00	147.1	147.5	146.4	147.15	49739
07.06.2021 12:00	147.15	147.4	146.8	147.4	60997
07.06.2021 16:00	147.4	147.8	147.15	147.65	69690
08.06.2021 08:00	147.9	148.0	146.85	146.95	98449
08.06.2021 12:00	146.9	147.4	146.6	147.05	73020
08.06.2021 16:00	147.05	147.4	146.8	147.15	27569
09.06.2021 08:00	147.3	147.95	147.1	147.4	87229
09.06.2021 12:00	147.4	147.85	147.0	147.65	47436
09.06.2021 16:00	147.75	148.45	147.65	148.4	44265
10.06.2021 08:00	148.6	148.6	147.6	148.1	64134
10.06.2021 12:00	148.2	148.3	147.85	147.95	50617
10.06.2021 16:00	148.1	148.7	147.8	148.1	40788
11.06.2021 08:00	148.2	148.5	147.95	148.4	36894
11.06.2021 12:00	148.4	148.7	148.25	148.6	72277
11.06.2021 16:00	148.6	148.65	148.15	148.4	53143
14.06.2021 08:00	148.5	149.1	148.45	148.65	156277
14.06.2021 12:00	148.65	149.1	148.55	149.0	33229
14.06.2021 16:00	149.0	149.3	148.95	149.25	35876
15.06.2021 08:00	149.4	149.65	148.45	148.6	86316
15.06.2021 12:00	148.6	148.75	148.2	148.4	121152
15.06.2021 16:00	148.4	148.7	147.6	147.75	53274
16.06.2021 08:00	147.7	148.25	147.5	147.75	39325
16.06.2021 12:00	147.75	148.0	146.9	147.85	68271
16.06.2021 16:00	147.85	148.25	147.7	148.2	41545
17.06.2021 08:00	148.2	148.2	147.0	147.4	48463
17.06.2021 12:00	147.4	147.75	147.05	147.7	55407
17.06.2021 16:00	147.55	148.0	147.15	147.3	25737
18.06.2021 08:00	147.3	147.35	146.05	146.7	193514
18.06.2021 12:00	146.7	147.15	145.7	146.1	75305
18.06.2021 16:00	146.1	146.75	145.8	146.75	35558
21.06.2021 08:00	146.85	147.15	146.15	146.8	68964
21.06.2021 12:00	146.9	147.2	146.65	147.0	62988
21.06.2021 16:00	147.0	147.45	146.9	147.2	24251
22.06.2021 08:00	147.75	148.15	147.25	147.55	103428
22.06.2021 12:00	147.55	148.0	147.2	147.8	69201
22.06.2021 16:00	147.75	148.3	147.4	147.85	218395
23.06.2021 08:00	148.25	148.6	148.05	148.3	57542
23.06.2021 12:00	148.25	148.45	147.45	148.05	59183
23.06.2021 16:00	148.05	148.5	148.05	148.15	17241
24.06.2021 08:00	148.15	148.45	147.8	148.2	54936
24.06.2021 12:00	148.2	148.3	147.05	147.2	91896
24.06.2021 16:00	147.2	147.8	146.9	147.7	23152
25.06.2021 08:00	147.75	147.95	147.15	147.5	30612
25.06.2021 12:00	147.5	147.65	147.2	147.5	95770
25.06.2021 16:00	147.5	148.15	147.35	147.9	58859
28.06.2021 08:00	148.1	148.85	147.9	148.4	53356
28.06.2021 12:00	148.4	148.6	148.25	148.6	68852
28.06.2021 16:00	148.55	148.6	147.7	147.95	33419
29.06.2021 08:00	147.95	148.05	145.55	145.7	41068
29.06.2021 12:00	145.95	147.0	145.65	147.0	48770
29.06.2021 16:00	146.95	147.2	146.35	146.6	29048
30.06.2021 08:00	146.95	147.35	146.05	146.95	32853
30.06.2021 12:00	146.95	148.4	146.8	147.65	105253
30.06.2021 16:00	147.6	148.65	147.5	148.5	52350
01.07.2021 08:00	148.5	149.15	148.1	149.1	36576
01.07.2021 12:00	149.1	149.75	148.75	149.55	61249
01.07.2021 16:00	149.55	149.85	149.0	149.2	45323
02.07.2021 08:00	149.9	150.45	148.8	149.7	42354
02.07.2021 12:00	149.7	150.4	149.55	150.1	78536
02.07.2021 16:00	150.1	150.2	149.8	150.1	51456
05.07.2021 08:00	150.3	150.75	149.9	150.2	56719
05.07.2021 12:00	150.15	150.6	150.05	150.55	31573
05.07.2021 16:00	150.55	150.75	150.35	150.5	16369
06.07.2021 08:00	150.9	152.05	150.8	151.95	120195
06.07.2021 12:00	151.9	152.2	151.3	151.35	110885
06.07.2021 16:00	151.4	151.65	150.75	150.95	56098
07.07.2021 08:00	150.95	151.9	150.95	151.55	34143
07.07.2021 12:00	151.55	152.25	151.5	151.7	43298
07.07.2021 16:00	151.7	151.85	151.0	151.6	31082
08.07.2021 08:00	151.6	151.6	149.6	150.1	88088
08.07.2021 12:00	150.1	150.25	149.4	149.55	77644
08.07.2021 16:00	149.5	150.2	149.4	150.2	35090
09.07.2021 08:00	150.25	150.7	149.8	150.6	31473
09.07.2021 12:00	150.6	150.9	150.3	150.5	80107
09.07.2021 16:00	150.5	150.6	150.05	150.35	30197
12.07.2021 08:00	150.4	150.65	149.8	150.3	79289
12.07.2021 12:00	150.3	150.9	150.0	150.75	40252
12.07.2021 16:00	150.75	151.2	150.5	151.0	41773
13.07.2021 08:00	151.0	151.45	150.5	150.85	75626
13.07.2021 12:00	150.9	151.05	150.25	150.25	46846
13.07.2021 16:00	150.2	151.0	150.0	151.0	73607
14.07.2021 08:00	151.3	151.3	150.05	150.25	45437
14.07.2021 12:00	150.2	151.2	150.15	151.2	44150
14.07.2021 16:00	151.15	151.2	150.0	150.15	26623
15.07.2021 08:00	150.2	150.25	149.25	150.0	33882
15.07.2021 12:00	150.0	150.0	148.75	148.9	90018
15.07.2021 16:00	148.8	149.15	148.5	149.15	31003
16.07.2021 08:00	149.15	149.45	148.15	149.45	39520
16.07.2021 12:00	149.45	149.45	148.8	148.9	65626
16.07.2021 16:00	148.9	149.1	147.2	147.9	41599
19.07.2021 08:00	147.8	147.8	145.1	146.3	68657
19.07.2021 12:00	146.3	146.6	145.5	145.85	76736
19.07.2021 16:00	145.8	145.85	144.55	145.1	115245
20.07.2021 08:00	145.25	146.2	145.1	145.55	99352
20.07.2021 12:00	145.5	145.7	144.8	144.85	97710
20.07.2021 16:00	144.85	146.0	144.55	145.85	54253
21.07.2021 08:00	145.75	146.95	145.5	146.85	70080
21.07.2021 12:00	146.8	146.85	146.0	146.35	56966
21.07.2021 16:00	146.25	146.45	146.15	146.3	66849
22.07.2021 08:00	146.45	147.4	146.3	147.35	39679
22.07.2021 12:00	147.35	147.75	147.1	147.2	118516
22.07.2021 16:00	147.3	147.65	146.9	147.55	49096
23.07.2021 08:00	147.6	148.05	147.05	147.1	32488
23.07.2021 12:00	147.25	147.75	147.0	147.35	61859
23.07.2021 16:00	147.25	147.35	146.4	146.85	59993
26.07.2021 08:00	146.85	146.85	145.75	146.25	49709
26.07.2021 12:00	146.25	147.55	146.1	147.25	94041
26.07.2021 16:00	147.25	147.45	147.0	147.45	46649
27.07.2021 08:00	147.4	147.8	146.75	147.25	67930
27.07.2021 12:00	147.25	147.7	147.0	147.4	74219
27.07.2021 16:00	147.35	147.35	146.75	146.85	25777
28.07.2021 08:00	146.9	147.75	146.9	147.7	29332
28.07.2021 12:00	147.7	148.0	147.4	148.0	151419
28.07.2021 16:00	148.0	148.45	147.6	148.45	79949
29.07.2021 08:00	148.75	149.7	148.75	149.65	37502
29.07.2021 12:00	149.65	149.7	149.0	149.4	46479
29.07.2021 16:00	149.4	149.75	149.15	149.7	57055
30.07.2021 08:00	149.55	149.55	147.7	149.1	37770
30.07.2021 12:00	149.1	149.1	148.4	148.45	44400
30.07.2021 16:00	148.4	148.8	148.1	148.6	41878
02.08.2021 08:00	148.9	149.7	148.9	149.65	87163
02.08.2021 12:00	149.65	149.75	149.0	149.35	56752
02.08.2021 16:00	149.3	149.5	148.9	148.9	40054
03.08.2021 08:00	149.3	149.4	148.6	149.2	40289
03.08.2021 12:00	149.2	149.6	148.7	149.1	144156
03.08.2021 16:00	149.0	149.15	148.55	149.15	85103
04.08.2021 08:00	149.15	150.15	149.15	149.7	37389
04.08.2021 12:00	149.8	150.05	149.3	149.75	61865
04.08.2021 16:00	149.75	150.2	149.35	149.8	27565
05.08.2021 08:00	150.05	150.2	149.55	150.15	32590
05.08.2021 12:00	150.15	150.4	149.9	150.15	59273
05.08.2021 16:00	150.3	150.7	150.05	150.7	43688
06.08.2021 08:00	150.7	151.15	150.1	150.6	37107
06.08.2021 12:00	150.55	150.9	150.3	150.55	75328
06.08.2021 16:00	150.65	150.7	149.6	150.05	37798
09.08.2021 08:00	150.05	150.25	149.05	150.1	73904
09.08.2021 12:00	150.1	150.6	149.9	150.55	61235
09.08.2021 16:00	150.6	151.15	150.4	150.8	25935
10.08.2021 08:00	151.25	152.2	151.25	151.85	101375
10.08.2021 12:00	151.8	152.0	151.25	151.55	82180
10.08.2021 16:00	151.65	152.35	151.5	152.1	100099
11.08.2021 08:00	152.1	153.0	152.1	152.3	46873
11.08.2021 12:00	152.3	152.5	151.95	152.2	70824
11.08.2021 16:00	152.45	153.1	152.3	152.6	43818
12.08.2021 08:00	152.85	153.5	152.6	153.3	41424
12.08.2021 12:00	153.3	153.4	153.1	153.25	52700
12.08.2021 16:00	153.3	153.45	153.0	153.2	73920
13.08.2021 08:00	153.4	153.4	152.55	153.0	87588
13.08.2021 12:00	153.1	153.45	152.4	152.7	65430
13.08.2021 16:00	152.7	152.85	152.35	152.7	24970
16.08.2021 08:00	152.7	152.85	151.65	152.8	53268
16.08.2021 12:00	152.8	153.45	152.55	153.3	63510
16.08.2021 16:00	153.25	153.5	153.15	153.25	35115
17.08.2021 08:00	153.55	154.55	153.3	154.35	55618
17.08.2021 12:00	154.55	154.6	154.1	154.4	139541
17.08.2021 16:00	154.4	155.3	154.3	155.25	73802
18.08.2021 08:00	155.25	155.5	154.25	154.35	82168
18.08.2021 12:00	154.35	155.25	154.05	155.1	94593
18.08.2021 16:00	155.1	155.1	154.2	154.75	60725
19.08.2021 08:00	154.75	155.5	151.55	151.8	143430
19.08.2021 12:00	151.9	152.0	151.25	151.65	151689
19.08.2021 16:00	151.6	152.35	151.55	151.9	66382
20.08.2021 08:00	152.05	152.5	151.3	151.6	45920
20.08.2021 12:00	151.6	151.7	150.75	150.9	69723
20.08.2021 16:00	150.9	151.4	150.8	151.25	51565
23.08.2021 08:00	151.25	152.5	151.25	152.3	155655
23.08.2021 12:00	152.3	152.7	152.1	152.6	69614
23.08.2021 16:00	152.5	153.05	152.4	152.95	63390
24.08.2021 08:00	153.7	153.95	152.25	152.55	130956
24.08.2021 12:00	152.5	153.0	152.4	152.7	66420
24.08.2021 16:00	152.8	153.4	152.5	153.2	49773
25.08.2021 08:00	153.25	153.4	152.75	152.85	76130
25.08.2021 12:00	152.95	153.05	152.4	152.85	93205
25.08.2021 16:00	152.85	153.1	152.5	152.7	39992
26.08.2021 08:00	152.85	152.85	151.85	152.55	93458
26.08.2021 12:00	152.4	152.6	151.65	151.95	106921
26.08.2021 16:00	151.85	152.25	151.25	151.4	60307
27.08.2021 08:00	151.9	152.4	151.7	151.75	48302
27.08.2021 12:00	151.8	152.05	151.4	151.95	58275
27.08.2021 16:00	151.95	152.9	151.75	152.85	72856
30.08.2021 08:00	153.2	154.2	153.1	153.8	71863
30.08.2021 12:00	153.9	154.6	153.75	154.3	116528
30.08.2021 16:00	154.35	154.6	154.0	154.5	53220
31.08.2021 08:00	155.0	155.0	154.65	154.85	48501
31.08.2021 12:00	154.8	155.1	153.8	154.2	210494
31.08.2021 16:00	154.05	154.45	153.7	153.95	23224
01.09.2021 08:00	154.6	155.25	154.3	155.0	103095
01.09.2021 12:00	154.95	155.6	154.85	155.45	106253
01.09.2021 16:00	155.4	156.5	155.2	156.5	86110
02.09.2021 08:00	156.6	157.3	156.35	156.65	61080
02.09.2021 12:00	156.6	157.1	156.55	157.0	146758
02.09.2021 16:00	157.0	157.5	156.9	157.25	69485
03.09.2021 08:00	157.5	157.5	156.25	156.8	80793
03.09.2021 12:00	156.8	157.3	156.65	157.05	75759
03.09.2021 16:00	157.05	157.55	156.8	157.5	41544
06.09.2021 08:00	157.5	158.75	157.5	158.75	67920
06.09.2021 12:00	158.75	158.75	158.1	158.45	96316
06.09.2021 16:00	158.45	158.9	158.4	158.85	43952
07.09.2021 08:00	159.2	159.55	158.15	158.55	102879
07.09.2021 12:00	158.6	158.85	158.15	158.7	72822
07.09.2021 16:00	158.7	158.75	158.25	158.35	37578
08.09.2021 08:00	158.55	158.75	157.25	158.05	76199
08.09.2021 12:00	158.05	159.0	158.0	158.7	87619
08.09.2021 16:00	158.85	159.05	158.2	158.7	51703
09.09.2021 08:00	158.7	158.7	157.3	157.45	92186
09.09.2021 12:00	157.45	158.25	157.2	157.8	96929
09.09.2021 16:00	157.85	158.1	157.35	157.55	36082
10.09.2021 08:00	157.55	158.15	157.4	158.05	50327
10.09.2021 12:00	158.05	158.15	157.5	157.85	74649
10.09.2021 16:00	157.9	158.3	157.55	158.0	42651
13.09.2021 08:00	158.45	158.6	158.0	158.55	82793
13.09.2021 12:00	158.55	159.0	158.45	158.8	66372
13.09.2021 16:00	158.75	159.55	158.45	159.4	66312
14.09.2021 08:00	159.4	160.3	159.1	160.05	68641
14.09.2021 12:00	160.1	160.3	159.6	160.1	61589
14.09.2021 16:00	160.1	160.3	159.9	160.15	61650
15.09.2021 08:00	160.15	160.9	159.8	160.7	73450
15.09.2021 12:00	160.7	161.05	160.0	160.55	69602
15.09.2021 16:00	160.55	161.05	160.45	160.65	47464
16.09.2021 08:00	160.7	160.95	160.05	160.3	75558
16.09.2021 12:00	160.3	160.55	159.0	160.2	74131
16.09.2021 16:00	160.3	160.3	159.0	159.45	30951
17.09.2021 08:00	159.9	159.9	158.9	159.55	67656
17.09.2021 12:00	159.6	160.0	158.9	159.25	54051
17.09.2021 16:00	159.25	159.3	158.3	158.9	41543
20.09.2021 08:00	158.9	159.4	156.3	156.8	125654
20.09.2021 12:00	156.95	157.1	156.0	156.2	130705
20.09.2021 16:00	156.35	157.2	156.1	156.75	64693
21.09.2021 08:00	157.1	157.6	156.75	156.95	84841
21.09.2021 12:00	156.95	157.5	156.9	157.35	79270
21.09.2021 16:00	157.35	157.5	156.2	156.8	48960
22.09.2021 08:00	156.8	158.45	156.3	158.45	79316
22.09.2021 12:00	158.4	158.5	158.0	158.5	118369
22.09.2021 16:00	158.4	159.0	158.25	159.0	32880
23.09.2021 08:00	159.2	160.05	159.15	159.6	108797
23.09.2021 12:00	159.7	159.7	158.45	159.35	110826
23.09.2021 16:00	159.25	160.0	159.0	159.8	32736
23.09.2021 20:00	159.65	160.05	159.65	159.75	7985
24.09.2021 08:00	160.1	160.1	158.9	159.4	34529
24.09.2021 12:00	159.5	159.7	158.5	158.65	44713
24.09.2021 16:00	158.5	159.65	158.45	159.6	88515
24.09.2021 20:00	159.55	159.85	159.35	159.85	5206
27.09.2021 08:00	159.85	160.95	159.85	160.8	124682
27.09.2021 12:00	160.65	160.9	160.45	160.6	118822
27.09.2021 16:00	160.7	161.25	160.25	161.2	76313
27.09.2021 20:00	161.2	161.45	161.0	161.4	14458
28.09.2021 08:00	162.2	162.55	161.0	161.5	105255
28.09.2021 12:00	161.5	162.0	161.1	161.4	126668
28.09.2021 16:00	161.15	161.5	160.0	160.4	82836
28.09.2021 20:00	160.55	161.0	160.05	160.05	19290
29.09.2021 08:00	159.5	160.95	159.2	160.75	50219
29.09.2021 12:00	160.75	160.95	160.0	160.1	86677
29.09.2021 16:00	160.25	160.7	159.6	160.3	73015
29.09.2021 20:00	160.3	160.7	160.15	160.65	8808
30.09.2021 08:00	162.05	162.05	160.6	161.4	58239
30.09.2021 12:00	161.3	161.5	160.5	161.1	78734
30.09.2021 16:00	161.2	161.9	160.75	161.5	91295
30.09.2021 20:00	161.5	161.9	161.4	161.85	45527
01.10.2021 08:00	161.5	161.5	160.4	161.0	87705
01.10.2021 12:00	161.1	161.8	160.7	161.65	73252
01.10.2021 16:00	161.75	162.0	161.25	161.65	61232
01.10.2021 20:00	161.6	162.15	161.55	162.0	19992
04.10.2021 08:00	162.0	162.7	161.7	162.3	114609
04.10.2021 12:00	162.4	163.05	162.05	162.9	144274
04.10.2021 16:00	163.0	163.0	161.9	162.7	73608
04.10.2021 20:00	162.65	162.95	162.55	162.95	29147
05.10.2021 08:00	163.25	164.0	162.85	163.85	78464
05.10.2021 12:00	163.9	165.25	163.8	165.2	103078
05.10.2021 16:00	165.2	167.15	165.1	166.65	227745
05.10.2021 20:00	166.7	167.3	166.35	167.3	38391
06.10.2021 08:00	167.3	168.6	165.6	166.5	425613
06.10.2021 12:00	166.5	166.5	165.05	165.85	111407
06.10.2021 16:00	165.85	166.0	164.35	164.75	157785
06.10.2021 20:00	164.75	166.45	164.7	166.3	36788
07.10.2021 08:00	166.9	167.5	165.05	166.15	93579
07.10.2021 12:00	166.1	166.85	165.9	166.7	74271
07.10.2021 16:00	166.75	167.4	166.6	167.2	69852
07.10.2021 20:00	167.25	167.3	166.6	167.25	47557
08.10.2021 08:00	167.4	167.95	166.95	167.9	70633
08.10.2021 12:00	167.9	168.15	167.4	168.05	130593
08.10.2021 16:00	168.05	168.3	167.55	167.95	54880
08.10.2021 20:00	167.95	168.15	167.8	167.95	30997
11.10.2021 08:00	168.05	169.15	168.05	169.15	115797
11.10.2021 12:00	169.15	169.9	169.1	169.5	124565
11.10.2021 16:00	169.5	169.85	169.05	169.65	119025
11.10.2021 20:00	169.65	169.8	169.25	169.55	32102
12.10.2021 08:00	169.4	169.4	166.9	168.9	223706
12.10.2021 12:00	168.85	169.15	168.55	168.75	121264
12.10.2021 16:00	168.75	168.9	168.15	168.55	67507
12.10.2021 20:00	168.55	168.75	168.25	168.25	20350
13.10.2021 08:00	168.4	168.5	167.4	168.0	64108
13.10.2021 12:00	168.2	168.45	165.7	165.9	141734
13.10.2021 16:00	165.75	168.2	165.75	167.8	131374
13.10.2021 20:00	167.95	168.45	167.8	168.45	69712
14.10.2021 08:00	168.9	169.5	168.8	169.3	120653
14.10.2021 12:00	169.25	169.85	169.1	169.55	102119
14.10.2021 16:00	169.6	169.65	168.1	168.75	114046
14.10.2021 20:00	168.75	168.85	168.3	168.8	16213
15.10.2021 08:00	168.8	169.35	168.05	168.45	80069
15.10.2021 12:00	168.45	168.75	168.0	168.45	52060
15.10.2021 16:00	168.45	168.85	168.2	168.65	63475
15.10.2021 20:00	168.7	168.85	168.55	168.8	32690
18.10.2021 08:00	168.75	168.75	167.2	168.0	71620
18.10.2021 12:00	168.0	168.6	167.6	167.8	99211
18.10.2021 16:00	167.8	168.6	167.55	168.6	47191
18.10.2021 20:00	168.6	168.65	168.1	168.1	20899
19.10.2021 08:00	168.35	168.65	167.7	168.2	76736
19.10.2021 12:00	168.2	169.45	168.1	169.3	154365
19.10.2021 16:00	169.3	169.45	168.7	169.4	55509
19.10.2021 20:00	169.4	169.7	169.25	169.55	27340
20.10.2021 08:00	169.55	169.8	168.8	169.35	81892
20.10.2021 12:00	169.35	169.45	168.8	168.9	88406
20.10.2021 16:00	168.9	170.0	168.7	169.9	88985
20.10.2021 20:00	169.8	169.95	169.6	169.85	39720
21.10.2021 08:00	169.75	169.75	168.7	169.4	92404
21.10.2021 12:00	169.4	169.45	168.4	168.85	104541
21.10.2021 16:00	168.75	168.95	166.85	167.35	153836
21.10.2021 20:00	167.4	167.65	167.2	167.35	34911
22.10.2021 08:00	167.4	168.0	166.9	167.85	75046
22.10.2021 12:00	167.95	168.1	166.5	167.75	267672
22.10.2021 16:00	167.8	168.0	165.8	166.2	93770
22.10.2021 20:00	166.2	166.5	166.0	166.2	24814
25.10.2021 08:00	166.3	168.4	165.7	167.3	56251
25.10.2021 12:00	167.3	167.95	166.85	167.95	78843
25.10.2021 16:00	167.85	168.8	167.4	168.55	171256
25.10.2021 20:00	168.55	168.75	168.35	168.75	96253
26.10.2021 08:00	168.9	168.9	167.65	168.0	145530
26.10.2021 12:00	168.0	168.7	167.7	168.5	64842
26.10.2021 16:00	168.5	168.55	167.5	167.6	46396
26.10.2021 20:00	167.65	167.85	167.15	167.55	66698
27.10.2021 08:00	167.45	167.5	166.4	166.55	121498
27.10.2021 12:00	166.5	167.0	165.95	166.7	62762
27.10.2021 16:00	166.7	167.6	166.5	167.35	82166
27.10.2021 20:00	167.35	167.8	167.05	167.15	35365
28.10.2021 08:00	167.05	167.05	165.75	166.2	132671
28.10.2021 12:00	166.3	166.5	164.6	165.2	167407
28.10.2021 16:00	165.2	166.0	164.8	165.9	59035
28.10.2021 20:00	165.9	166.4	165.8	166.15	53931
29.10.2021 08:00	166.15	166.15	164.25	164.45	187684
29.10.2021 12:00	164.45	164.95	163.65	163.85	105731
29.10.2021 16:00	164.0	164.65	163.25	164.6	63937
29.10.2021 20:00	164.45	164.8	164.0	164.7	39817
01.11.2021 08:00	164.7	166.1	164.45	165.9	127515
01.11.2021 12:00	165.9	166.75	165.9	166.45	232309
01.11.2021 16:00	166.45	167.45	166.3	167.4	97832
01.11.2021 20:00	167.45	167.8	167.3	167.6	27990
02.11.2021 08:00	168.0	168.0	167.15	167.5	73537
02.11.2021 12:00	167.5	167.7	166.3	166.65	59815
02.11.2021 16:00	166.75	167.15	166.3	166.65	86515
02.11.2021 20:00	166.65	166.85	166.5	166.5	66535
03.11.2021 08:00	166.5	166.5	164.8	165.15	38116
03.11.2021 12:00	165.1	165.9	165.0	165.2	54429
03.11.2021 16:00	165.35	165.9	165.15	165.8	32049
03.11.2021 20:00	165.7	166.45	165.6	166.35	11070
05.11.2021 08:00	166.4	166.4	164.7	165.25	73833
05.11.2021 12:00	165.3	165.75	165.0	165.65	83662
05.11.2021 16:00	165.7	165.8	164.9	165.4	67360
05.11.2021 20:00	165.4	165.6	165.1	165.6	24962
08.11.2021 08:00	165.7	167.2	165.6	167.1	108781
08.11.2021 12:00	167.0	167.35	166.1	166.15	131944
08.11.2021 16:00	166.15	167.4	166.15	166.9	84893
08.11.2021 20:00	166.85	167.0	166.65	166.75	20501
09.11.2021 08:00	167.1	167.45	166.1	167.2	47190
09.11.2021 12:00	167.1	167.4	166.8	167.1	117231
09.11.2021 16:00	167.0	167.15	165.65	165.75	66327
09.11.2021 20:00	165.7	166.1	165.5	165.95	20958
10.11.2021 08:00	165.95	166.25	165.2	166.0	99766
10.11.2021 12:00	166.0	166.0	164.4	165.05	87008
10.11.2021 16:00	165.0	165.4	164.8	165.05	57337
10.11.2021 20:00	165.05	165.2	163.3	163.5	62415
11.11.2021 08:00	164.0	164.45	163.4	163.9	61019
11.11.2021 12:00	163.9	164.4	163.55	163.75	173863
11.11.2021 16:00	163.75	166.2	163.7	165.75	78731
11.11.2021 20:00	165.75	166.1	165.5	165.7	22105
12.11.2021 08:00	165.75	165.75	164.1	164.35	68196
12.11.2021 12:00	164.35	164.35	162.05	162.6	225381
12.11.2021 16:00	162.7	163.8	162.45	163.8	203394
12.11.2021 20:00	163.8	163.85	163.25	163.35	20298
15.11.2021 08:00	163.35	164.0	162.85	163.4	143841
15.11.2021 12:00	163.35	164.65	163.25	164.15	129956
15.11.2021 16:00	164.15	164.45	163.1	163.35	69364
15.11.2021 20:00	163.35	163.95	163.2	163.7	15058
16.11.2021 08:00	164.0	164.75	163.5	163.65	94461
16.11.2021 12:00	163.65	163.85	162.15	163.1	117618
16.11.2021 16:00	163.05	163.7	162.85	163.1	52661
16.11.2021 20:00	163.1	163.4	163.0	163.25	12921
17.11.2021 08:00	163.35	163.6	162.7	163.55	39090
17.11.2021 12:00	163.45	163.6	162.55	163.05	101841
17.11.2021 16:00	163.0	164.15	162.8	163.5	92872
17.11.2021 20:00	163.45	163.7	163.1	163.35	17444
18.11.2021 08:00	163.9	164.25	162.65	164.15	117106
18.11.2021 12:00	164.15	164.45	163.7	164.25	107094
18.11.2021 16:00	164.25	164.4	161.8	162.5	179557
18.11.2021 20:00	162.5	162.55	162.2	162.5	18977
19.11.2021 08:00	162.5	163.3	161.85	161.85	110293
19.11.2021 12:00	161.85	162.1	158.5	159.0	396270
19.11.2021 16:00	159.0	159.8	158.5	159.2	134613
19.11.2021 20:00	159.15	159.6	159.05	159.25	37426
22.11.2021 08:00	159.4	159.4	155.95	155.95	214016
22.11.2021 12:00	156.05	156.7	151.0	154.8	425165
22.11.2021 16:00	154.65	155.0	152.05	152.15	310122
22.11.2021 20:00	152.2	152.95	151.7	152.55	89462
23.11.2021 08:00	152.85	156.5	149.0	153.75	566441
23.11.2021 12:00	153.75	155.95	153.7	155.45	288956
23.11.2021 16:00	155.4	157.3	155.15	156.8	242272
23.11.2021 20:00	157.0	158.0	156.85	157.8	144184
24.11.2021 08:00	158.0	159.05	156.05	157.3	212785
24.11.2021 12:00	157.3	157.8	155.0	156.35	250211
24.11.2021 16:00	156.4	156.55	155.4	156.5	96345
24.11.2021 20:00	156.5	157.05	156.2	156.85	25210
25.11.2021 08:00	157.0	157.95	156.5	156.7	104907
25.11.2021 12:00	156.6	157.0	155.55	156.3	162125
25.11.2021 16:00	156.3	156.8	155.85	156.05	80884
25.11.2021 20:00	156.05	156.4	155.9	156.15	15581
26.11.2021 08:00	152.85	153.35	150.9	152.5	245994
26.11.2021 12:00	152.55	152.55	151.2	152.05	169287
26.11.2021 16:00	152.05	152.45	150.2	150.2	244347
26.11.2021 20:00	150.25	151.2	150.1	150.35	81700
29.11.2021 08:00	152.45	153.7	152.05	152.1	143460
29.11.2021 12:00	152.05	154.6	152.0	154.6	201677
29.11.2021 16:00	154.6	155.35	153.35	154.2	171345
29.11.2021 20:00	154.2	154.6	153.25	153.6	48383
30.11.2021 08:00	152.7	154.15	151.25	153.25	226802
30.11.2021 12:00	153.15	154.2	152.25	153.9	109807
30.11.2021 16:00	153.9	153.95	151.4	151.45	91634
30.11.2021 20:00	151.5	152.4	151.1	152.4	30119
01.12.2021 08:00	153.95	155.9	153.0	155.55	77901
01.12.2021 12:00	155.5	156.4	155.5	156.1	78501
01.12.2021 16:00	156.05	156.75	155.25	155.95	75892
01.12.2021 20:00	155.95	156.25	154.3	154.7	52121
02.12.2021 08:00	154.85	156.25	154.85	156.05	96058
02.12.2021 12:00	155.95	156.9	155.4	155.45	145554
02.12.2021 16:00	155.6	156.45	154.8	156.25	75215
02.12.2021 20:00	156.25	156.55	155.85	156.4	29193
03.12.2021 08:00	156.65	157.35	156.0	156.2	83167
03.12.2021 12:00	156.2	156.4	155.65	156.1	47378
03.12.2021 16:00	156.0	156.3	153.85	154.05	133927
03.12.2021 20:00	154.1	154.75	153.65	154.7	90819
06.12.2021 08:00	156.4	156.45	152.1	152.3	227953
06.12.2021 12:00	152.3	153.1	150.0	151.2	181797
06.12.2021 16:00	151.15	151.65	150.5	151.2	115928
06.12.2021 20:00	151.2	151.95	151.05	151.85	123222
07.12.2021 08:00	152.25	152.85	150.6	151.9	56968
07.12.2021 12:00	151.85	152.95	151.25	152.7	94188
07.12.2021 16:00	152.65	153.65	151.35	153.65	169996
07.12.2021 20:00	153.7	153.7	153.0	153.45	63212
08.12.2021 08:00	154.45	154.95	152.9	153.8	91695
08.12.2021 12:00	153.6	154.05	151.9	152.25	99870
08.12.2021 16:00	152.1	152.25	149.2	150.6	150482
08.12.2021 20:00	150.55	150.9	150.4	150.6	71186
09.12.2021 08:00	150.5	151.5	149.4	151.4	137203
09.12.2021 12:00	151.4	152.2	150.65	150.95	159311
09.12.2021 16:00	150.95	151.4	150.3	150.85	37730
09.12.2021 20:00	150.85	151.1	150.3	150.5	23714
10.12.2021 08:00	150.5	150.75	149.1	149.35	82955
10.12.2021 12:00	149.35	150.55	149.0	150.35	57061
10.12.2021 16:00	150.35	150.35	148.45	148.8	155687
10.12.2021 20:00	148.9	149.1	148.7	149.0	50985
13.12.2021 08:00	149.9	150.2	146.9	146.95	101805
13.12.2021 12:00	146.9	147.65	145.3	145.5	126455
13.12.2021 16:00	145.5	145.95	142.9	143.15	284627
13.12.2021 20:00	143.15	143.45	141.9	141.95	101776
14.12.2021 08:00	140.75	143.65	139.95	143.45	497072
14.12.2021 12:00	143.45	144.1	142.3	144.0	189235
14.12.2021 16:00	143.95	144.2	142.65	143.1	221289
14.12.2021 20:00	143.2	144.6	142.9	144.15	48866
15.12.2021 08:00	145.0	145.45	143.7	144.7	92480
15.12.2021 12:00	144.7	145.25	144.25	144.65	156650
15.12.2021 16:00	144.65	145.15	143.2	144.05	125054
15.12.2021 20:00	144.05	145.8	144.0	145.6	79663
16.12.2021 08:00	147.65	148.15	146.7	148.0	187204
16.12.2021 12:00	147.95	148.9	147.55	148.2	418865
16.12.2021 16:00	148.05	149.0	148.0	148.45	448849
16.12.2021 20:00	148.45	148.55	147.55	148.0	58933
17.12.2021 08:00	147.3	147.75	146.7	147.25	183565
17.12.2021 12:00	147.3	147.85	146.45	147.65	113428
17.12.2021 16:00	147.6	148.1	146.8	147.55	81781
17.12.2021 20:00	147.55	148.0	147.45	147.9	16822
20.12.2021 08:00	146.3	146.3	144.6	145.1	173710
20.12.2021 12:00	145.05	146.35	144.6	145.6	332633
20.12.2021 16:00	145.7	146.35	145.5	146.15	60024
20.12.2021 20:00	146.15	146.6	146.05	146.4	25856
21.12.2021 08:00	148.0	148.1	146.45	147.05	138032
21.12.2021 12:00	147.2	147.45	146.4	146.95	90698
21.12.2021 16:00	146.95	148.0	146.55	147.8	107305
21.12.2021 20:00	147.9	148.2	147.65	148.05	17894
22.12.2021 08:00	148.05	148.85	147.3	148.5	71320
22.12.2021 12:00	148.4	149.5	148.25	149.35	117375
22.12.2021 16:00	149.35	149.75	149.0	149.05	64820
22.12.2021 20:00	149.05	149.05	148.35	148.65	81436
23.12.2021 08:00	149.5	149.55	148.0	148.4	56888
23.12.2021 12:00	148.4	148.8	147.1	147.55	243874
23.12.2021 16:00	147.55	147.95	147.0	147.6	85921
23.12.2021 20:00	147.65	147.9	147.25	147.3	15019
24.12.2021 08:00	147.4	147.4	145.95	145.95	57897
24.12.2021 12:00	145.9	146.95	145.35	146.8	197066
24.12.2021 16:00	146.65	147.55	146.55	147.2	159556
24.12.2021 20:00	147.2	147.4	146.9	147.4	10854
27.12.2021 08:00	147.6	148.65	147.6	148.45	234625
27.12.2021 12:00	148.5	148.6	148.25	148.45	169380
27.12.2021 16:00	148.45	149.05	148.0	148.8	156311
27.12.2021 20:00	148.8	149.25	148.5	149.25	59897
28.12.2021 08:00	149.9	150.4	149.2	149.45	145828
28.12.2021 12:00	149.45	151.0	149.35	150.7	183191
28.12.2021 16:00	150.7	151.0	149.7	149.95	116499
28.12.2021 20:00	150.0	150.05	149.65	149.85	33139
29.12.2021 08:00	149.9	150.35	149.5	150.0	72506
29.12.2021 12:00	150.0	150.05	148.7	149.4	201970
29.12.2021 16:00	149.4	149.75	149.05	149.35	94459
29.12.2021 20:00	149.35	149.85	149.2	149.8	32478
30.12.2021 08:00	149.9	149.95	149.15	149.4	113451
30.12.2021 12:00	149.5	150.6	149.4	150.45	109657
30.12.2021 16:00	150.45	151.1	150.25	151.0	198955
30.12.2021 20:00	151.0	151.3	150.9	151.15	47266
03.01.2022 08:00	153.6	154.1	151.85	153.7	118692
03.01.2022 12:00	153.7	154.1	153.5	153.9	100446
03.01.2022 16:00	153.9	153.9	153.25	153.65	71740
03.01.2022 20:00	153.65	154.1	153.55	154.1	28649
04.01.2022 08:00	154.55	154.7	153.2	153.8	81879
04.01.2022 12:00	153.75	154.9	153.65	154.25	134669
04.01.2022 16:00	154.25	154.65	153.7	154.05	57355
04.01.2022 20:00	154.05	154.4	153.95	154.25	18324
05.01.2022 08:00	153.95	154.45	153.2	154.05	42656
05.01.2022 12:00	154.05	154.15	152.6	153.15	77503
05.01.2022 16:00	153.2	153.3	151.2	151.4	77281
05.01.2022 20:00	151.45	151.45	147.5	148.05	118451
06.01.2022 08:00	149.9	150.75	148.2	148.5	112733
06.01.2022 12:00	148.65	149.7	148.45	149.3	115324
06.01.2022 16:00	149.3	150.1	149.05	149.9	115800
06.01.2022 20:00	149.9	150.0	149.65	150.0	33268
10.01.2022 08:00	151.25	151.55	150.7	150.85	213319
10.01.2022 12:00	150.85	151.4	149.05	149.3	145486
10.01.2022 16:00	149.15	150.0	148.05	149.25	82618
10.01.2022 20:00	149.25	150.15	149.1	149.9	91128
11.01.2022 08:00	149.75	150.25	149.0	150.15	38643
11.01.2022 12:00	150.15	151.3	150.0	151.2	281857
11.01.2022 16:00	151.15	151.6	150.35	151.55	87240
11.01.2022 20:00	151.55	151.85	151.25	151.25	21750
12.01.2022 08:00	151.25	151.55	150.7	151.4	45768
12.01.2022 12:00	151.4	153.05	151.3	152.75	178383
12.01.2022 16:00	152.75	153.0	151.8	152.7	179612
12.01.2022 20:00	152.7	153.25	152.45	152.85	53979
13.01.2022 08:00	152.25	152.7	151.8	152.15	59824
13.01.2022 12:00	152.2	152.35	149.35	149.65	210383
13.01.2022 16:00	149.7	150.5	146.25	147.7	552740
13.01.2022 20:00	147.7	148.0	146.7	147.55	107246
14.01.2022 08:00	148.1	148.6	146.3	146.6	106218
14.01.2022 12:00	146.6	146.95	142.25	144.0	339776
14.01.2022 16:00	144.0	144.85	140.05	143.85	776576
14.01.2022 20:00	143.95	144.4	143.15	144.4	96294
17.01.2022 08:00	144.8	145.6	142.15	142.95	185994
17.01.2022 12:00	142.9	143.6	140.6	140.95	255647
17.01.2022 16:00	140.95	142.8	139.7	142.65	250126
17.01.2022 20:00	142.7	142.9	141.6	142.3	41638
18.01.2022 08:00	140.85	141.05	137.9	139.1	294420
18.01.2022 12:00	139.1	139.25	133.85	134.55	482440
18.01.2022 16:00	134.55	136.15	131.6	134.8	600741
18.01.2022 20:00	134.85	134.85	132.85	133.4	484358
19.01.2022 08:00	131.05	138.1	130.45	137.95	431036
19.01.2022 12:00	137.9	139.85	136.65	138.85	464496
19.01.2022 16:00	138.75	139.6	137.1	138.65	361952
19.01.2022 20:00	138.6	139.0	137.85	137.95	66668
20.01.2022 08:00	140.0	141.0	135.55	137.15	282785
20.01.2022 12:00	137.15	138.7	136.5	137.3	211870
20.01.2022 16:00	137.3	141.0	136.95	139.35	113267
20.01.2022 20:00	139.35	139.85	137.55	137.75	63903
21.01.2022 08:00	136.5	138.05	136.0	137.0	147679
21.01.2022 12:00	137.0	139.5	136.45	139.0	150691
21.01.2022 16:00	138.9	139.05	136.1	136.85	160098
21.01.2022 20:00	136.85	136.9	135.2	135.7	47120
24.01.2022 08:00	136.4	136.4	132.45	132.5	189431
24.01.2022 12:00	132.45	132.6	125.8	128.15	707360
24.01.2022 16:00	128.0	130.1	127.45	128.1	411549
24.01.2022 20:00	128.1	131.15	126.9	131.0	219038
25.01.2022 08:00	132.5	132.9	128.65	131.2	280926
25.01.2022 12:00	131.25	132.25	130.4	130.85	314079
25.01.2022 16:00	130.9	131.05	128.8	130.5	326960
25.01.2022 20:00	130.5	134.25	130.45	133.65	180355
26.01.2022 08:00	133.15	133.3	130.5	132.85	176473
26.01.2022 12:00	132.85	135.3	132.65	134.95	200803
26.01.2022 16:00	134.85	136.0	133.45	134.05	176222
26.01.2022 20:00	134.0	135.5	132.05	132.6	135474
27.01.2022 08:00	131.55	136.8	130.85	136.15	240864
27.01.2022 12:00	136.0	139.35	135.35	139.2	469249
27.01.2022 16:00	139.05	140.65	137.5	138.85	246492
27.01.2022 20:00	138.85	138.85	137.25	138.5	45132
28.01.2022 08:00	140.15	141.2	137.7	138.7	281076
28.01.2022 12:00	138.7	140.75	138.35	139.2	188049
28.01.2022 16:00	139.2	139.8	138.9	139.7	77663
28.01.2022 20:00	139.65	139.75	138.6	139.1	73164
31.01.2022 08:00	141.2	142.35	140.6	142.05	261573
31.01.2022 12:00	142.1	142.4	140.65	141.55	242420
31.01.2022 16:00	141.55	142.1	140.9	142.1	161296
31.01.2022 20:00	142.05	142.95	141.85	142.75	106321
01.02.2022 08:00	142.75	143.0	140.95	142.65	173073
01.02.2022 12:00	142.6	143.0	142.0	142.15	180248
01.02.2022 16:00	142.1	142.7	141.1	141.7	124351
01.02.2022 20:00	141.7	141.9	141.0	141.9	23575
02.02.2022 08:00	142.7	143.05	141.25	141.65	151191
02.02.2022 12:00	141.6	142.75	140.45	142.5	172186
02.02.2022 16:00	142.5	142.65	140.95	141.3	70690
02.02.2022 20:00	141.35	141.95	141.35	141.95	9999
03.02.2022 08:00	140.0	140.55	139.2	140.1	47389
03.02.2022 12:00	140.1	140.15	137.3	139.1	86823
03.02.2022 16:00	139.1	139.3	137.7	138.05	59827
03.02.2022 20:00	138.1	138.95	138.0	138.4	32388
04.02.2022 08:00	139.75	141.9	139.4	141.25	84555
04.02.2022 12:00	141.35	141.6	139.6	140.15	99837
04.02.2022 16:00	140.2	140.25	138.35	139.1	53365
04.02.2022 20:00	139.0	139.7	138.75	139.5	15928
07.02.2022 08:00	140.15	140.5	138.5	138.95	122461
07.02.2022 12:00	138.9	139.0	137.1	138.6	76875
07.02.2022 16:00	138.7	138.85	138.1	138.25	42875
07.02.2022 20:00	138.2	139.15	138.1	138.9	18811
08.02.2022 08:00	139.5	140.25	139.2	139.85	64657
08.02.2022 12:00	139.85	141.15	139.5	141.15	144600
08.02.2022 16:00	141.1	141.8	140.1	141.75	154504
08.02.2022 20:00	141.75	142.15	141.45	142.05	67424
09.02.2022 08:00	143.25	144.4	143.0	144.4	118855
09.02.2022 12:00	144.4	145.0	144.0	144.5	255092
09.02.2022 16:00	144.5	145.6	144.25	144.95	91665
09.02.2022 20:00	144.95	145.55	144.85	145.35	49364
10.02.2022 08:00	145.35	145.35	143.55	143.55	93623
10.02.2022 12:00	143.55	145.5	143.5	145.4	190665
10.02.2022 16:00	145.5	146.95	144.4	146.7	93175
10.02.2022 20:00	146.65	146.8	144.75	144.9	38516
11.02.2022 08:00	143.4	144.0	141.45	141.95	162447
11.02.2022 12:00	141.95	142.35	140.6	141.8	140520
11.02.2022 16:00	141.85	142.95	141.25	141.3	77837
11.02.2022 20:00	141.4	141.5	140.95	141.2	10396
